Zurich/swissbathy3d_zuerichsee_2056_5728/swissBATHY3D_CHLV95_LN02_2682_1245.asc
ncols 83
nrows 1000
xllcorner 2682917
yllcorner 1245000
cellsize 1
nodata_value -9999
[rows 870 to 899 of 1000, columns 0 to 67 of 83]
-9999 -9999 400.18671 399.96222 399.7287 399.53668 399.35269 399.17874 398.9823 398.77829 398.5773 398.43384 398.31485 398.21539 398.12842 398.04492 397.96991 397.8934 397.83142 397.77087 397.7139 397.6539 397.59741 397.5459 397.49689 397.44244 397.39194 397.34595 397.29291 397.237 397.1875 397.14099 397.09448 397.0415 396.9975 396.96249 396.90649 396.84399 396.79651 396.755 396.70801 396.6705 396.64499 396.61249 396.5795 396.57001 396.56702 396.625 396.707 396.84549 396.85602 396.83051 396.76898 396.68848 396.60498 396.582 396.52499 396.45349 396.34955 396.28107 396.24304 396.22955 396.19754 396.15808 396.09662 396.07611 396.06458 395.9476
-9999 -9999 400.1662 399.91821 399.66721 399.4632 399.26831 399.09631 398.92181 398.73029 398.56329 398.4343 398.31934 398.21393 398.1264 398.0444 397.96289 397.8974 397.8269 397.7674 397.71143 397.65091 397.59491 397.54291 397.49045 397.43542 397.38544 397.34045 397.28345 397.22644 397.17499 397.13098 397.0845 397.035 396.9935 396.966 396.91748 396.85852 396.81702 396.78799 396.74548 396.71552 396.69348 396.66602 396.64502 396.6395 396.69299 396.7735 396.9325 397.10596 397.13794 397.11896 397.0285 396.92902 396.811 396.7305 396.66748 396.59149 396.53448 396.50098 396.47198 396.43649 396.41998 396.341 396.27505 396.27356 396.22061 396.10211
-9999 -9999 400.12372 399.89618 399.66168 399.42975 399.21478 399.04279 398.8783 398.70679 398.55679 398.43036 398.31842 398.21741 398.12289 398.04089 397.97339 397.9024 397.8324 397.7684 397.7099 397.64941 397.59039 397.5354 397.48441 397.42694 397.37744 397.32397 397.26544 397.211 397.1665 397.12152 397.07599 397.02951 397.0015 396.96948 396.9205 396.87048 396.83801 396.80798 396.77051 396.7485 396.73151 396.71301 396.7045 396.72501 396.78 396.88501 397.06 397.21692 397.28693 397.29395 397.21948 397.09052 396.96552 396.87851 396.81549 396.793 396.811 396.79401 396.715 396.6315 396.54852 396.4375 396.35852 396.31961 396.25757 396.1026
-9999 400.1897 400.05319 399.8667 399.64777 399.39923 399.1723 399.0163 398.8653 398.69629 398.5513 398.42987 398.32239 398.22491 398.1319 398.04242 397.97192 397.9014 397.8349 397.76038 397.69891 397.64038 397.58289 397.53241 397.48047 397.41449 397.3605 397.31189 397.25244 397.2005 397.15201 397.10852 397.07401 397.034 396.9985 396.96851 396.92349 396.88599 396.85498 396.828 396.80298 396.79251 396.77698 396.77448 396.78198 396.79852 396.84601 396.94348 397.086 397.23795 397.34943 397.38342 397.33997 397.23248 397.11499 397.03149 396.98349 396.97748 396.992 396.97101 396.8765 396.75351 396.6145 396.44507 396.35056 396.29504 396.21057 396.07809
-9999 400.12469 399.9502 399.7702 399.58575 399.3483 399.16779 399.00879 398.85382 398.6933 398.5513 398.42731 398.32086 398.22491 398.13739 398.05042 397.96942 397.89691 397.83392 397.76392 397.69287 397.63141 397.57538 397.5289 397.47137 397.40851 397.3475 397.29749 397.2449 397.19244 397.14099 397.1055 397.073 397.039 396.9985 396.96701 396.9245 396.89499 396.87201 396.85999 396.84052 396.82501 396.8215 396.82001 396.84351 396.871 396.91351 397.00201 397.11151 397.24301 397.35446 397.42792 397.42139 397.33746 397.276 397.19598 397.13202 397.125 397.08899 397.04352 396.95398 396.841 396.67151 396.4725 396.33755 396.25955 396.16803 396.02557
-9999 400.09219 399.88318 399.69171 399.51175 399.3233 399.1778 399.02631 398.86731 398.69232 398.54132 398.42529 398.3154 398.2189 398.13489 398.04492 397.9704 397.90039 397.83392 397.76489 397.7009 397.63589 397.5784 397.52039 397.4599 397.39444 397.34195 397.28748 397.23639 397.18051 397.13098 397.0965 397.07501 397.04349 397.0105 396.97751 396.9415 396.9155 396.89999 396.8905 396.87347 396.86349 396.8595 396.87952 396.89648 396.9285 396.96851 397.043 397.1275 397.2485 397.3649 397.45889 397.46539 397.46945 397.45639 397.36292 397.28247 397.21747 397.16449 397.10651 396.9975 396.849 396.65601 396.43298 396.32449 396.23553 396.13159 396.0191
-9999 400.0517 399.84521 399.65369 399.48175 399.32031 399.1748 399.03079 398.86682 398.68381 398.53281 398.43085 398.3299 398.2334 398.13339 398.04089 397.97137 397.9014 397.8334 397.7709 397.70691 397.64539 397.57739 397.5159 397.45538 397.40295 397.35339 397.29889 397.23694 397.185 397.13849 397.104 397.07452 397.05951 397.02649 397.00049 396.96649 396.94049 396.92749 396.91998 396.91049 396.90051 396.91199 396.9285 396.9455 396.974 397.0155 397.06549 397.14999 397.255 397.36191 397.4559 397.51941 397.5589 397.56091 397.46741 397.35541 397.26996 397.21701 397.1485 396.95801 396.77399 396.58099 396.41351 396.29355 396.20459 396.1221 396.0351
-9999 399.98669 399.79968 399.62622 399.46075 399.30231 399.1618 399.0173 398.8508 398.67529 398.54181 398.44135 398.34436 398.2359 398.14389 398.05042 397.97491 397.9064 397.83691 397.77289 397.71039 397.6449 397.5799 397.51691 397.46194 397.40894 397.36139 397.30945 397.2525 397.20651 397.16302 397.12149 397.08649 397.06049 397.03799 397.01349 396.99048 396.961 396.95099 396.9455 396.93951 396.939 396.95001 396.96649 396.98901 397.0195 397.06601 397.11652 397.17999 397.2865 397.40091 397.46744 397.51392 397.55042 397.5304 397.4534 397.36841 397.28946 397.26291 397.18597 396.9855 396.73849 396.51401 396.34802 396.25806 396.18353 396.10559 396.02859
400.08118 399.94269 399.7627 399.60471 399.43927 399.27832 399.1413 398.99628 398.85278 398.6908 398.57629 398.44879 398.34534 398.25189 398.15887 398.07339 397.99188 397.91638 397.84839 397.78189 397.7074 397.64191 397.5784 397.5144 397.45789 397.4054 397.36191 397.32001 397.2915 397.24701 397.20001 397.1525 397.104 397.07898 397.04999 397.034 397.01202 396.99152 396.98352 396.97998 396.97549 396.97748 396.99298 397.01202 397.03799 397.07401 397.1185 397.16199 397.22943 397.33997 397.43494 397.4754 397.4599 397.47137 397.45044 397.39941 397.3559 397.2934 397.263 397.18201 396.96448 396.70651 396.444 396.31656 396.23605 396.1636 396.10059 396.0206
400.04919 399.89969 399.73718 399.57669 399.41675 399.26624 399.12927 398.99179 398.8508 398.72382 398.60431 398.4743 398.35236 398.27087 398.18188 398.08942 398.00989 397.9339 397.85989 397.7879 397.71191 397.6514 397.58191 397.5174 397.4574 397.40491 397.36047 397.33145 397.30396 397.26294 397.22101 397.17798 397.13647 397.10748 397.08002 397.06 397.039 397.0285 397.02148 397.0155 397.02051 397.02701 397.0405 397.06299 397.09351 397.13251 397.17249 397.21396 397.29395 397.40045 397.4679 397.46991 397.43439 397.40994 397.39642 397.38791 397.38489 397.28198 397.23999 397.15051 396.94598 396.64749 396.37 396.27704 396.20459 396.1441 396.08411 396.03162
400.01721 399.87018 399.71368 399.56567 399.41626 399.27124 399.1348 399.00729 398.8728 398.74829 398.63129 398.49985 398.37787 398.29791 398.19592 398.09338 398.03088 397.9519 397.87091 397.8064 397.73541 397.66589 397.59991 397.53192 397.47141 397.40997 397.35941 397.32648 397.29495 397.26346 397.2265 397.198 397.17151 397.142 397.11151 397.09201 397.08249 397.07449 397.06601 397.06848 397.078 397.09149 397.1015 397.12952 397.16101 397.19543 397.23547 397.28851 397.35199 397.43344 397.48041 397.46039 397.41241 397.39246 397.40643 397.4389 397.3699 397.2645 397.20398 397.082 396.86298 396.56354 396.33655 396.25555 396.2041 396.15311 396.09509 396.04962
399.99969 399.84619 399.6882 399.5502 399.41071 399.27325 399.1438 399.0148 398.89581 398.7713 398.64728 398.52881 398.42136 398.3194 398.21591 398.11191 398.03741 397.97089 397.8949 397.82642 397.75439 397.68991 397.6214 397.55841 397.4989 397.43939 397.38541 397.33646 397.30249 397.267 397.2345 397.207 397.18799 397.16602 397.1575 397.14349 397.13898 397.1395 397.13202 397.1485 397.15997 397.18845 397.20551 397.23248 397.25595 397.28839 397.32446 397.37952 397.42694 397.46893 397.50488 397.46594 397.41742 397.39746 397.40393 397.38196 397.36694 397.25351 397.1825 397.0195 396.7695 396.42606 396.30304 396.24207 396.20056 396.15308 396.1011 396.05109
399.9877 399.83069 399.68521 399.54526 399.40576 399.2778 399.15179 399.02228 398.90479 398.78229 398.6593 398.54529 398.42834 398.3259 398.2319 398.13788 398.06488 397.98889 397.91888 397.8479 397.7774 397.71191 397.65091 397.5889 397.5354 397.47443 397.41495 397.36145 397.32397 397.297 397.26801 397.24301 397.22552 397.21948 397.22498 397.21851 397.22601 397.25296 397.26044 397.28394 397.31097 397.32849 397.35498 397.37347 397.39447 397.41895 397.45892 397.50439 397.51392 397.5419 397.5199 397.47141 397.42841 397.40744 397.3844 397.34146 397.29501 397.24994 397.16693 396.9975 396.67102 396.38605 396.29712 396.23956 396.19211 396.14709 396.09711 396.03409
399.99371 399.83972 399.68671 399.54675 399.40781 399.27582 399.14978 399.03229 398.9158 398.79681 398.6738 398.5618 398.44785 398.3454 398.2504 398.16989 398.08142 398.0054 397.94391 397.8764 397.80591 397.74438 397.68188 397.62091 397.56741 397.51697 397.46246 397.40894 397.37399 397.35651 397.34296 397.31796 397.30551 397.30194 397.30743 397.32944 397.35944 397.38641 397.4444 397.48291 397.50793 397.52545 397.52344 397.54041 397.5614 397.58392 397.59991 397.60339 397.61292 397.57089 397.53638 397.48792 397.4444 397.4169 397.38892 397.34595 397.2995 397.24402 397.16101 396.9425 396.63 396.37457 396.28558 396.23462 396.19159 396.14661 396.1091 395.99658
400.00922 399.85721 399.7002 399.54974 399.41125 399.28229 399.1618 399.04327 398.92828 398.80981 398.69229 398.58582 398.47284 398.37085 398.27637 398.18689 398.09741 398.02039 397.9599 397.90192 397.84039 397.7804 397.7179 397.66089 397.61191 397.55646 397.5144 397.47644 397.44244 397.43445 397.4444 397.44891 397.4375 397.42792 397.43848 397.45892 397.49988 397.5564 397.61292 397.6759 397.72141 397.7334 397.72888 397.7334 397.73639 397.73889 397.73041 397.69839 397.66388 397.62091 397.5694 397.50891 397.47491 397.4379 397.40091 397.35791 397.30945 397.24796 397.14401 396.92798 396.595 396.36157 396.28156 396.22461 396.18811 396.1586 396.13309 396.03461
400.02618 399.86871 399.71121 399.56268 399.41925 399.29279 399.1738 399.05579 398.9408 398.81879 398.7088 398.5993 398.48981 398.38885 398.2959 398.20642 398.12439 398.0524 397.98792 397.93289 397.87689 397.82092 397.7619 397.7114 397.66138 397.6124 397.57788 397.55139 397.55188 397.56189 397.60339 397.60144 397.59094 397.5874 397.61493 397.65643 397.69739 397.74542 397.81592 397.89038 397.94189 397.9429 397.91141 397.89789 397.86389 397.82788 397.78589 397.7529 397.7149 397.66388 397.60239 397.55292 397.50092 397.45941 397.41641 397.36795 397.31744 397.25351 397.15198 396.9465 396.61353 396.36957 396.27454 396.22009 396.18658 396.17059 396.17657 396.05408
400.0437 399.8847 399.72522 399.5752 399.42975 399.30481 399.18781 399.07532 398.95782 398.8248 398.7168 398.60931 398.50092 398.40585 398.3194 398.23541 398.15887 398.08838 398.02588 397.97391 397.91791 397.8634 397.80988 397.76639 397.7179 397.68042 397.66888 397.66241 397.66589 397.71088 397.74689 397.73639 397.73389 397.7699 397.81641 397.8624 397.90192 397.94843 398.01642 398.08038 398.10291 398.09039 398.06439 398.02039 397.9614 397.91141 397.86292 397.8204 397.76392 397.70441 397.64539 397.59091 397.53241 397.47742 397.42944 397.38342 397.33447 397.2695 397.17599 396.98199 396.6745 396.4035 396.26007 396.21259 396.1846 396.18311 396.18811 396.0701
400.0542 399.89618 399.73071 399.5802 399.43875 399.3103 399.19431 399.08881 398.9668 398.83282 398.7233 398.6268 398.52533 398.42584 398.34839 398.26642 398.18689 398.1214 398.06738 398.0134 397.95941 397.91339 397.86639 397.82489 397.7959 397.7854 397.80191 397.81989 397.8284 397.87039 397.90387 397.9324 397.94391 397.9649 397.9924 398.0329 398.07941 398.1199 398.16589 398.20441 398.22635 398.22391 398.2019 398.1489 398.07541 397.99792 397.9404 397.8819 397.81189 397.74341 397.68188 397.61688 397.55139 397.49188 397.4454 397.39642 397.34692 397.28748 397.21301 397.06653 396.72549 396.38354 396.25006 396.20361 396.1731 396.16409 396.17459 396.07361
400.07019 399.91168 399.7482 399.58722 399.44727 399.31979 399.1933 399.08331 398.97278 398.84729 398.7388 398.63681 398.54279 398.45532 398.37189 398.2959 398.2164 398.15289 398.09839 398.04791 398.0014 397.95639 397.91541 397.88092 397.86139 397.8674 397.89691 397.99542 398.03888 398.08389 398.11292 398.16089 398.1889 398.21039 398.2034 398.2189 398.25592 398.3139 398.35739 398.35138 398.36536 398.35236 398.33185 398.28336 398.19739 398.11191 398.01041 397.94238 397.8689 397.78839 397.71838 397.64587 397.5759 397.51239 397.45892 397.40396 397.35446 397.29596 397.22247 397.07898 396.75449 396.39755 396.23309 396.1806 396.15009 396.12311 396.1041 395.9931
400.0997 399.93921 399.76169 399.60223 399.4613 399.33231 399.2088 399.0878 398.97632 398.86581 398.75781 398.6543 398.55179 398.47235 398.39838 398.3194 398.2514 398.18988 398.1369 398.09241 398.05042 398.00641 397.97089 397.94342 397.93042 397.93939 398.01788 398.17792 398.2594 398.31287 398.34384 398.37738 398.40741 398.41339 398.43134 398.43433 398.47028 398.49982 398.5318 398.50385 398.46936 398.4469 398.42334 398.37384 398.28088 398.17542 398.07141 397.98889 397.91241 397.82791 397.74792 397.66141 397.58789 397.5199 397.46445 397.40747 397.3555 397.297 397.22 397.07199 396.73352 396.39505 396.23907 396.1806 396.12012 396.08209 396.0571 395.93109
400.13672 399.95621 399.77368 399.61426 399.47681 399.34583 399.22229 399.1058 398.9903 398.88129 398.77332 398.6723 398.58081 398.50134 398.42035 398.34991 398.29041 398.22888 398.17792 398.13541 398.09338 398.06238 398.03088 398.01642 398.00342 398.03391 398.15942 398.3194 398.43286 398.46686 398.48779 398.52136 398.56934 398.60135 398.61929 398.6488 398.64581 398.67529 398.6228 398.56927 398.52533 398.5029 398.48285 398.43127 398.33835 398.2164 398.10638 398.01538 397.9389 397.85889 397.76541 397.67889 397.5889 397.5224 397.46539 397.40845 397.349 397.2905 397.2135 397.05402 396.73001 396.41501 396.25903 396.17511 396.11658 396.07861 396.0051 395.89661
-9999 400.06271 399.85168 399.67072 399.51373 399.36829 399.2413 399.12531 399.0108 398.89728 398.78333 398.68378 398.59479 398.50641 398.43335 398.3699 398.3129 398.26291 398.2164 398.17438 398.14288 398.11591 398.08591 398.07739 398.0809 398.11441 398.23492 398.39484 398.50232 398.55042 398.57031 398.58829 398.62579 398.6813 398.74878 398.79379 398.8013 398.7673 398.70477 398.62781 398.57236 398.54578 398.52679 398.47079 398.36185 398.2424 398.1319 398.04138 397.95941 397.88989 397.80841 397.68939 397.5979 397.51892 397.46246 397.40643 397.34698 397.28894 397.21649 397.05798 396.7395 396.43402 396.26361 396.1796 396.1221 396.0676 395.9906 395.87762
-9999 400.23572 400.00269 399.7847 399.56375 399.41431 399.2778 399.15381 399.04431 398.92682 398.81079 398.68481 398.59085 398.51184 398.44641 398.39285 398.33786 398.2934 398.25839 398.22089 398.19339 398.16638 398.14191 398.14142 398.14691 398.16992 398.26642 398.38785 398.49286 398.54883 398.5788 398.58231 398.61182 398.6843 398.75629 398.83881 398.83978 398.81927 398.7518 398.66278 398.6048 398.57779 398.54034 398.47833 398.37686 398.25635 398.13892 398.04688 397.97839 397.91541 397.8154 397.7034 397.5954 397.51694 397.45892 397.40247 397.34052 397.28052 397.211 397.09851 396.78949 396.49405 396.27203 396.18011 396.11609 396.0556 395.9826 395.87909
-9999 400.41565 400.1987 399.92969 399.68677 399.49475 399.33728 399.20032 399.08929 398.9848 398.86578 398.7283 398.59778 398.5224 398.46039 398.40985 398.36591 398.3219 398.28839 398.25839 398.22791 398.2009 398.18842 398.18542 398.19641 398.22241 398.27539 398.35339 398.43585 398.50531 398.53531 398.54181 398.57428 398.63037 398.69031 398.76129 398.81879 398.82782 398.77081 398.6868 398.62927 398.59033 398.54083 398.47485 398.37878 398.25391 398.13489 398.04041 397.97491 397.90439 397.80539 397.7114 397.60388 397.51544 397.45197 397.39096 397.33002 397.267 397.19598 397.0925 396.87451 396.5545 396.30206 396.1676 396.09711 396.04559 395.97211 395.89111
-9999 -9999 400.37921 400.0802 399.8082 399.5907 399.4133 399.27429 399.16278 399.06879 398.93781 398.7608 398.61133 398.54034 398.48688 398.43341 398.38843 398.3504 398.31738 398.29041 398.25989 398.23489 398.2204 398.22141 398.2359 398.2569 398.28391 398.3299 398.3938 398.45587 398.4913 398.49683 398.52585 398.55185 398.59631 398.66479 398.75629 398.80328 398.7738 398.70529 398.63831 398.58179 398.52585 398.45441 398.35382 398.22491 398.1134 398.02441 397.96039 397.8764 397.80139 397.70538 397.60242 397.50543 397.43896 397.37796 397.31 397.24298 397.19 397.1145 396.9545 396.64301 396.33203 396.16711 396.09711 396.05209 395.9801 395.89661
-9999 -9999 400.51614 400.24518 399.96271 399.73322 399.51324 399.36328 399.23578 399.1358 398.98682 398.80231 398.63785 398.55286 398.50336 398.45441 398.4039 398.36542 398.3374 398.31091 398.2879 398.2659 398.25189 398.25189 398.2644 398.28589 398.31189 398.34241 398.39392 398.44791 398.46936 398.46436 398.48584 398.50928 398.53235 398.5748 398.65228 398.70978 398.70279 398.69031 398.6348 398.58081 398.51929 398.44284 398.30591 398.17191 398.06189 397.9819 397.92639 397.85791 397.77338 397.68539 397.58694 397.49445 397.42691 397.35895 397.28802 397.21649 397.16199 397.1015 396.93851 396.68048 396.39648 396.2131 396.12061 396.0596 395.9906 395.90259
-9999 -9999 400.57617 400.34619 400.0737 399.8302 399.6077 399.43625 399.29779 399.16431 398.99127 398.79828 398.6348 398.56183 398.51233 398.46436 398.41187 398.37488 398.35089 398.32239 398.30591 398.28638 398.2724 398.27039 398.2804 398.3009 398.32339 398.35239 398.3974 398.44983 398.47784 398.44534 398.46329 398.46082 398.49734 398.52835 398.5578 398.6098 398.64081 398.62781 398.5813 398.52985 398.47134 398.38434 398.23688 398.08789 397.98041 397.9129 397.85889 397.79388 397.72391 397.63843 397.54245 397.46893 397.40997 397.33093 397.25452 397.18152 397.12 397.0575 396.93701 396.70251 396.40555 396.21411 396.13409 396.06311 395.99609 395.8981
-9999 -9999 400.54214 400.31219 400.10022 399.86969 399.64722 399.44324 399.28479 399.13428 398.9613 398.80328 398.66028 398.58734 398.53134 398.47934 398.43481 398.39783 398.35941 398.33139 398.31488 398.2959 398.28241 398.2829 398.29291 398.29791 398.32092 398.34991 398.3909 398.46634 398.50427 398.4718 398.39484 398.38135 398.41791 398.44489 398.46777 398.51978 398.54578 398.51984 398.45685 398.4054 398.34741 398.2789 398.13141 397.99991 397.88641 397.82343 397.76941 397.70941 397.6384 397.55292 397.49139 397.43195 397.36896 397.28995 397.20898 397.13599 397.07452 396.987 396.87701 396.66553 396.36856 396.24213 396.16962 396.0986 395.98462 395.89709
-9999 400.56821 400.43069 400.2222 400.05319 399.8367 399.6232 399.42432 399.23981 399.0788 398.92029 398.79382 398.6803 398.61536 398.55679 398.49634 398.44885 398.40741 398.37039 398.34241 398.3219 398.30292 398.28741 398.28638 398.2869 398.29041 398.3089 398.3284 398.3544 398.42841 398.47235 398.43536 398.3479 398.31342 398.3219 398.33789 398.36536 398.40039 398.41986 398.42334 398.35089 398.2724 398.17889 398.1124 398.01239 397.90839 397.79242 397.71942 397.66638 397.61041 397.53638 397.47192 397.41248 397.36096 397.29996 397.22949 397.16251 397.08701 397.01752 396.88599 396.75348 396.535 396.37555 396.26257 396.19208 396.12762 396.00159 395.88611
-9999 400.50269 400.3147 400.11969 399.9422 399.76471 399.5683 399.37976 399.19928 399.0408 398.9068 398.79529 398.71033 398.6333 398.56781 398.51288 398.45984 398.40936 398.37439 398.34741 398.32141 398.30042 398.28439 398.2774 398.2764 398.27789 398.28992 398.29639 398.3139 398.35989 398.39285 398.36487 398.29041 398.23639 398.23138 398.23541 398.26691 398.2999 398.30389 398.2934 398.24741 398.1669 398.08038 398.0029 397.91589 397.81488 397.7074 397.62039 397.56891 397.51392 397.4639 397.39996 397.33698 397.27451 397.228 397.16901 397.10449 397.03299 396.95648 396.8215 396.65051 396.5155 396.40649 396.30103 396.2066 396.0976 395.97058 395.8681
