Zurich/swissbathy3d_zuerichsee_2056_5728/swissBATHY3D_CHLV95_LN02_2682_1245.asc
ncols 83
nrows 1000
xllcorner 2682917
yllcorner 1245000
cellsize 1
nodata_value -9999
[rows 930 to 959 of 1000, columns 0 to 67 of 83]
-9999 -9999 -9999 400.57172 400.35217 400.07971 399.83475 399.64581 399.47131 399.3288 399.20428 399.09781 398.9938 398.89532 398.79584 398.72083 398.65784 398.60382 398.5654 398.5274 398.48792 398.4509 398.42041 398.40039 398.37689 398.3609 398.32892 398.3049 398.2179 398.10992 398.04291 397.99188 397.94189 397.85889 397.83441 397.72845 397.51801 397.3335 397.15601 397.0365 396.92249 396.79999 396.68707 396.54761 396.3786 396.2926 396.21609 396.15161 396.09259 396.0296 395.9696 395.89862 395.8176 395.73761 395.6651 395.58813 395.51569 395.44568 395.37921 395.29968 395.21771 395.14722 395.07071 394.99719 394.92169 394.84418 394.7702 394.7027
-9999 -9999 -9999 400.58371 400.36771 400.09021 399.84125 399.63879 399.45581 399.29129 399.16132 399.05829 398.95731 398.86884 398.78491 398.71832 398.65784 398.61441 398.56891 398.52142 398.48691 398.45041 398.42441 398.40192 398.37891 398.35138 398.32291 398.29291 398.22491 398.1279 398.05688 398.00189 397.94489 397.90741 397.88141 397.77795 397.59894 397.45898 397.31598 397.20502 397.0965 396.992 396.86053 396.68549 396.48505 396.36511 396.25562 396.17261 396.12109 396.06061 395.99561 395.92261 395.8436 395.76758 395.69016 395.6127 395.5372 395.46719 395.39117 395.30719 395.22769 395.15619 395.0777 395.00317 394.92969 394.85071 394.77521 394.7117
-9999 -9999 -9999 400.60071 400.37469 400.1102 399.86127 399.6293 399.43079 399.2688 399.13879 399.0213 398.9368 398.84833 398.76837 398.69434 398.64532 398.6019 398.55939 398.51892 398.48441 398.46091 398.4259 398.40491 398.3819 398.35638 398.32391 398.29388 398.22989 398.14441 398.0639 398.00891 397.95941 397.9144 397.8884 397.81641 397.68195 397.54199 397.44901 397.35699 397.26801 397.16351 397.03549 396.85699 396.65656 396.44009 396.29309 396.20709 396.15558 396.09711 396.02911 395.95612 395.8786 395.79959 395.7186 395.64114 395.55872 395.47821 395.40219 395.3212 395.2417 395.17322 395.0947 395.01471 394.93768 394.8587 394.78671 394.71069
-9999 -9999 -9999 -9999 400.3822 400.1152 399.86719 399.63324 399.41382 399.2518 399.11981 399.0018 398.91278 398.82684 398.75232 398.68536 398.6304 398.59088 398.54791 398.5119 398.48889 398.4614 398.42938 398.4039 398.38342 398.36441 398.33691 398.30243 398.24689 398.1619 398.0784 397.99789 397.95239 397.91193 397.87189 397.81488 397.70844 397.60651 397.52502 397.4545 397.375 397.28751 397.164 396.98749 396.78799 396.56409 396.37509 396.27008 396.21359 396.1366 396.06812 395.99158 395.90909 395.83411 395.7536 395.67163 395.58466 395.49969 395.41821 395.33319 395.26019 395.18469 395.10571 395.02222 394.9437 394.87073 394.8027 394.72418
-9999 -9999 -9999 -9999 400.38422 400.10822 399.86072 399.62274 399.40778 399.24329 399.10632 398.99182 398.89529 398.81628 398.74634 398.67441 398.6384 398.58139 398.5379 398.5094 398.4819 398.4494 398.4249 398.40442 398.38391 398.36389 398.34589 398.31738 398.2684 398.19791 398.10489 398.00891 397.94092 397.90442 397.86591 397.80988 397.72995 397.65546 397.5925 397.52045 397.4425 397.35199 397.22299 397.0545 396.84308 396.60663 396.4361 396.34412 396.27161 396.19061 396.11261 396.03461 395.9541 395.87061 395.78516 395.70059 395.61316 395.53113 395.45068 395.36121 395.27771 395.1972 395.1152 395.03369 394.9537 394.8837 394.81268 394.74969
-9999 -9999 -9999 400.58173 400.36771 400.10321 399.8627 399.63824 399.41827 399.2323 399.09729 398.97528 398.87878 398.81085 398.73535 398.67584 398.63092 398.5759 398.53241 398.5014 398.47491 398.44739 398.42389 398.40088 398.38287 398.36542 398.35687 398.34241 398.31689 398.27539 398.1904 398.05542 397.93842 397.89038 397.8559 397.8179 397.76645 397.70795 397.6485 397.57544 397.492 397.38599 397.23749 397.05899 396.85806 396.65906 396.50659 396.40613 396.32709 396.24109 396.16058 396.08209 395.99561 395.90509 395.81909 395.73465 395.64417 395.56067 395.4747 395.3887 395.3017 395.20868 395.11371 395.0607 394.98019 394.9072 394.83618 394.76871
-9999 -9999 -9999 400.55573 400.3537 400.09821 399.8667 399.65775 399.44531 399.2468 399.09631 398.9628 398.86536 398.7959 398.72839 398.6629 398.61487 398.56342 398.52289 398.49341 398.4664 398.4469 398.42542 398.40039 398.37939 398.36938 398.3624 398.3519 398.35089 398.32941 398.2804 398.1669 398.02441 397.89691 397.85193 397.81689 397.77945 397.73349 397.70395 397.642 397.55402 397.4425 397.25702 397.04901 396.84256 396.69611 396.56757 396.47061 396.3866 396.2981 396.21112 396.13159 396.04163 395.9491 395.85861 395.77216 395.68213 395.59369 395.50571 395.41571 395.3327 395.24271 395.13971 395.0647 395.01422 394.93719 394.85968 394.78821
-9999 -9999 -9999 400.5162 400.31421 400.08771 399.8812 399.67224 399.4668 399.2663 399.09229 398.9588 398.85535 398.77686 398.70935 398.65784 398.6059 398.5629 398.5224 398.48889 398.46338 398.44391 398.42242 398.39841 398.3844 398.37439 398.36591 398.37839 398.37738 398.37241 398.3269 398.24939 398.1069 397.97891 397.85339 397.81842 397.78644 397.75452 397.72498 397.68845 397.63251 397.49701 397.31149 397.0625 396.85556 396.70911 396.62061 396.5351 396.4436 396.3551 396.27008 396.18158 396.09161 395.99762 395.90411 395.81262 395.7226 395.62915 395.5437 395.4537 395.36572 395.27618 395.1907 395.11572 395.03918 394.9697 394.89221 394.81219
-9999 -9999 -9999 400.47919 400.2962 400.09171 399.89771 399.69226 399.48529 399.2843 399.08978 398.94781 398.8533 398.7818 398.71481 398.66083 398.6019 398.56238 398.52539 398.48792 398.46191 398.44092 398.41791 398.3974 398.38092 398.3699 398.36389 398.38391 398.3989 398.39539 398.34741 398.2814 398.16641 398.02289 397.89691 397.8494 397.78442 397.74939 397.73441 397.72345 397.67993 397.56702 397.34302 397.056 396.87851 396.76706 396.67056 396.58255 396.49609 396.41159 396.32458 396.23511 396.14313 396.04059 395.95313 395.8566 395.75909 395.66965 395.58264 395.48914 395.40118 395.31268 395.23273 395.15021 395.0762 395.00119 394.92419 394.84668
-9999 -9999 -9999 -9999 400.29321 400.1022 399.9082 399.71075 399.50427 399.2948 399.10028 398.94235 398.85034 398.77887 398.71387 398.65134 398.5899 398.55042 398.5289 398.49939 398.47339 398.43738 398.4169 398.3949 398.37842 398.36243 398.35141 398.3714 398.39288 398.39642 398.35089 398.28491 398.20441 398.12039 397.99438 397.86792 397.77789 397.74292 397.71643 397.70346 397.6824 397.56946 397.3385 397.0625 396.88501 396.81351 396.71558 396.6445 396.55804 396.45758 396.38312 396.29361 396.18909 396.0921 396.00211 395.90558 395.8071 395.70917 395.62213 395.52914 395.43872 395.35019 395.2702 395.1882 395.10822 395.0332 394.96719 394.89319
-9999 -9999 -9999 -9999 400.2627 400.0842 399.90875 399.72229 399.51181 399.3013 399.09277 398.94531 398.85135 398.77533 398.70889 398.64587 398.58191 398.54541 398.52191 398.50439 398.4679 398.4339 398.41492 398.3909 398.3699 398.35739 398.3479 398.34741 398.34637 398.3519 398.3194 398.25439 398.19189 398.12488 398.05292 397.9584 397.83539 397.75696 397.70001 397.67599 397.64645 397.53552 397.32703 397.04901 396.94202 396.85852 396.77502 396.69901 396.6156 396.51309 396.42761 396.3371 396.22711 396.13611 396.05209 395.95007 395.8541 395.76117 395.66669 395.57819 395.48822 395.39722 395.3107 395.2287 395.14618 395.08118 395.01819 394.9422
-9999 -9999 -9999 -9999 400.21719 400.05518 399.89923 399.70676 399.50281 399.28979 399.0928 398.95129 398.85278 398.7739 398.70184 398.63989 398.58142 398.5419 398.5199 398.49841 398.44989 398.4299 398.40839 398.3844 398.36591 398.3519 398.33691 398.32489 398.32239 398.30441 398.26691 398.20691 398.1554 398.12189 398.07941 397.97742 397.86191 397.76096 397.68243 397.64551 397.59045 397.45801 397.25549 397.08649 397.0025 396.91602 396.83301 396.75708 396.65955 396.5676 396.49109 396.39059 396.2861 396.19009 396.0976 396.00259 395.9046 395.81015 395.71814 395.62769 395.53665 395.44171 395.35822 395.27521 395.19971 395.12518 395.0607 394.98822
-9999 -9999 -9999 -9999 400.16919 400.0177 399.84875 399.67224 399.4848 399.27832 399.0903 398.95386 398.85333 398.76889 398.68182 398.63892 398.59088 398.54639 398.50989 398.47491 398.44989 398.42438 398.4039 398.38037 398.35791 398.33841 398.32288 398.30389 398.28189 398.25092 398.2139 398.1709 398.1279 398.10638 398.05988 397.96692 397.86441 397.75345 397.65393 397.59149 397.51996 397.41199 397.28052 397.15552 397.06351 396.97852 396.896 396.80853 396.72156 396.64261 396.55011 396.46109 396.35461 396.2471 396.15161 396.04959 395.95959 395.86609 395.77161 395.67615 395.58466 395.49719 395.41519 395.33371 395.25519 395.1767 395.1077 395.0397
-9999 -9999 -9999 -9999 400.1142 399.96222 399.78726 399.6048 399.44781 399.2533 399.09229 398.95679 398.85486 398.76889 398.68237 398.62488 398.59888 398.5499 398.5094 398.46588 398.4314 398.4054 398.3819 398.37289 398.34689 398.32538 398.30737 398.28638 398.2594 398.2229 398.18042 398.1409 398.0954 398.07089 398.0094 397.9314 397.83142 397.73441 397.64142 397.57095 397.48602 397.3945 397.2915 397.1915 397.11151 397.03351 396.95349 396.8645 396.78256 396.70355 396.61356 396.51459 396.41858 396.31409 396.2146 396.10809 396.01309 395.9256 395.83066 395.73663 395.64221 395.55768 395.4747 395.39569 395.31519 395.23969 395.17419 395.10071
-9999 -9999 -9999 -9999 400.08472 399.90222 399.72424 399.56079 399.40329 399.22882 399.0943 398.97079 398.86731 398.78229 398.70233 398.65637 398.60638 398.55441 398.50739 398.47391 398.42493 398.38892 398.3779 398.3624 398.3374 398.31589 398.2984 398.2739 398.2464 398.2084 398.16339 398.1199 398.07642 398.02588 397.96838 397.89392 397.80688 397.71942 397.63751 397.5675 397.48602 397.40851 397.31702 397.2355 397.16101 397.08398 397.009 396.922 396.84149 396.75848 396.66306 396.56958 396.47058 396.3736 396.2706 396.17358 396.07861 395.98859 395.89209 395.79816 395.7092 395.62769 395.54071 395.45972 395.37518 395.30573 395.24072 395.1662
-9999 -9999 -9999 -9999 400.04169 399.85925 399.68127 399.52579 399.38129 399.2258 399.09131 398.98486 398.87885 398.79382 398.72235 398.66388 398.60437 398.5524 398.5144 398.4819 398.43292 398.3999 398.37238 398.35941 398.33441 398.30688 398.28589 398.26141 398.22937 398.18741 398.1424 398.09891 398.05292 398.00342 397.94592 397.88239 397.80795 397.72049 397.64648 397.58002 397.50598 397.4285 397.3595 397.285 397.21051 397.14099 397.06201 396.9725 396.892 396.81049 396.7225 396.62903 396.53409 396.43311 396.33759 396.2406 396.14709 396.0596 395.9631 395.87161 395.78363 395.70319 395.61621 395.5267 395.44769 395.3782 395.30573 395.24121
-9999 -9999 -9999 -9999 400.00818 399.82425 399.6593 399.49979 399.35681 399.2168 399.0918 398.98685 398.88284 398.80133 398.72235 398.66141 398.60388 398.54492 398.51089 398.4809 398.43237 398.40588 398.37988 398.3544 398.32788 398.29388 398.2684 -9999 -9999 -9999 398.11542 398.0769 398.03491 397.9884 397.93042 397.86639 397.79993 397.72745 397.65701 397.595 397.52698 397.45898 397.392 397.32401 397.26099 397.19449 397.11249 397.0285 396.952 396.87152 396.784 396.69312 396.60052 396.5051 396.4111 396.31958 396.2276 396.13159 396.03961 395.95261 395.86761 395.78366 395.69815 395.60718 395.5257 395.45621 395.37769 395.30719
-9999 -9999 -9999 -9999 400.0087 399.82727 399.65381 399.48431 399.3403 399.2038 399.0903 398.98077 398.88177 398.7948 398.7244 398.6604 398.60089 398.5484 398.5054 398.4664 398.43341 -9999 -9999 -9999 -9999 -9999 -9999 -9999 -9999 -9999 -9999 398.0614 398.0264 397.9769 397.9234 397.8634 397.8024 397.73251 397.672 397.61401 397.54901 397.4895 397.42651 397.35999 397.302 397.23749 397.17151 397.09149 397.01453 396.93298 396.84305 396.75949 396.67599 396.58307 396.4931 396.40411 396.31009 396.21509 396.13062 396.0386 395.95361 395.8721 395.78564 395.6937 395.6152 395.53964 395.46118 395.39221
-9999 -9999 -9999 -9999 400.02368 399.83725 399.64679 399.47778 399.3338 399.2063 399.09079 398.98129 398.8808 398.79834 398.72589 398.66339 -9999 -9999 -9999 -9999 -9999 -9999 -9999 -9999 -9999 -9999 -9999 -9999 -9999 -9999 -9999 398.05139 398.01538 397.9754 397.92688 397.86841 397.80896 397.74445 397.68298 397.62396 397.57449 397.52148 397.46051 397.39899 397.34698 397.284 397.22299 397.15399 397.07449 396.98749 396.91351 396.83649 396.755 396.66907 396.58209 396.4946 396.40411 396.31409 396.2186 396.1391 396.0546 395.97559 395.88312 395.79266 395.7211 395.65021 395.57013 395.4902
-9999 -9999 -9999 -9999 400.03168 399.83325 399.65381 399.48431 399.33679 399.20728 399.09778 -9999 -9999 -9999 -9999 -9999 -9999 -9999 -9999 -9999 -9999 -9999 -9999 -9999 -9999 -9999 -9999 -9999 -9999 -9999 -9999 398.05042 398.01288 397.9744 397.9324 397.87988 397.8204 397.75989 397.70148 397.65094 397.60599 397.55652 397.50299 397.44449 397.39551 397.33499 397.28 397.216 397.1395 397.06299 396.99451 396.92499 396.8515 396.76801 396.68906 396.60461 396.51459 396.41711 396.33911 396.2616 396.17657 396.09412 396.00562 395.92261 395.8421 395.76614 395.68463 395.59918
-9999 -9999 -9999 -9999 400.0542 399.85577 -9999 -9999 -9999 -9999 -9999 -9999 -9999 -9999 -9999 -9999 -9999 -9999 -9999 -9999 -9999 -9999 -9999 -9999 -9999 -9999 -9999 -9999 -9999 -9999 -9999 398.0509 398.01892 397.97638 397.93591 397.88788 397.83191 397.77893 397.72498 397.68445 397.64093 397.5925 397.543 397.49048 397.44098 397.38751 397.33252 397.26849 397.2045 397.14252 397.07452 397.01401 396.95251 396.875 396.80798 396.73407 396.64709 396.55161 396.4816 396.39758 396.31561 396.2301 396.14758 396.06259 395.98309 395.89209 395.8096 395.72665
-9999 -9999 -9999 -9999 -9999 -9999 -9999 -9999 -9999 -9999 -9999 -9999 -9999 -9999 -9999 -9999 -9999 -9999 -9999 -9999 -9999 -9999 -9999 -9999 -9999 -9999 -9999 -9999 -9999 -9999 398.0744 398.05139 398.0174 397.98389 397.94995 397.90295 397.85345 397.7999 397.75592 397.71741 397.67401 397.63251 397.586 397.534 397.492 397.44049 397.38901 397.33051 397.272 397.21649 397.16449 397.10852 397.0495 397.00049 396.95251 396.92352 396.83456 396.75854 396.64709 396.56311 396.47162 396.39063 396.30261 396.2171 396.1246 396.02808 395.9451 395.86865
-9999 -9999 -9999 -9999 -9999 -9999 -9999 -9999 -9999 -9999 -9999 -9999 -9999 -9999 -9999 -9999 -9999 -9999 -9999 -9999 -9999 -9999 -9999 -9999 -9999 -9999 -9999 -9999 -9999 -9999 398.06543 398.04242 398.0134 397.98792 397.95395 397.91846 397.88049 397.82697 397.7804 397.74991 397.71396 397.67245 397.633 397.58301 397.54102 397.50351 397.46051 397.4155 397.35699 397.3125 397.26801 397.21201 397.172 397.138 397.11349 397.0845 397.0585 396.96851 396.85706 396.73654 396.63959 396.55359 396.46558 396.37408 396.28558 396.18909 396.10709 396.01758
-9999 -9999 -9999 -9999 -9999 -9999 -9999 -9999 -9999 -9999 -9999 -9999 -9999 -9999 -9999 -9999 -9999 -9999 -9999 -9999 -9999 -9999 -9999 -9999 -9999 -9999 -9999 -9999 -9999 -9999 -9999 398.04239 398.01141 397.9819 397.95691 397.93738 397.88449 397.84494 397.80994 397.77893 397.75146 397.71844 397.681 397.63947 397.591 397.54999 397.52899 397.49847 397.4635 397.41998 397.379 397.341 397.30301 397.26349 397.23798 397.2265 397.20502 397.11099 397.01398 396.91299 396.81506 396.72504 396.64313 396.55212 396.45709 396.3696 396.28711 396.1886
-9999 -9999 -9999 -9999 -9999 -9999 -9999 -9999 -9999 -9999 -9999 -9999 -9999 -9999 -9999 -9999 -9999 -9999 -9999 -9999 -9999 -9999 -9999 -9999 -9999 -9999 -9999 -9999 -9999 -9999 -9999 398.0524 398.01392 397.98492 397.9664 397.94989 397.8999 397.87695 397.84393 397.82147 397.7955 397.76843 397.73801 397.69849 397.6535 397.63699 397.62701 397.60352 397.578 397.55548 397.52002 397.48352 397.43402 397.39001 397.35251 397.33551 397.29501 397.2265 397.15698 397.09747 396.99951 396.91956 396.83755 396.74457 396.65106 396.55859 396.45959 396.35709
-9999 -9999 -9999 -9999 -9999 -9999 -9999 -9999 -9999 -9999 -9999 -9999 -9999 -9999 -9999 -9999 -9999 -9999 -9999 -9999 -9999 -9999 -9999 -9999 -9999 -9999 -9999 -9999 -9999 -9999 -9999 398.06238 398.0264 397.98691 397.99042 397.98541 397.91989 397.90942 397.88745 397.86743 397.84589 397.82446 397.79645 397.7695 397.74994 397.74301 397.73495 397.72101 397.71295 397.70044 397.6825 397.65051 397.60449 397.52051 397.46649 397.43402 397.37549 397.341 397.30652 397.2655 397.2085 397.13452 397.04651 396.95099 396.85156 396.75104 396.64856 396.54755
-9999 -9999 -9999 -9999 -9999 -9999 -9999 -9999 -9999 -9999 -9999 -9999 -9999 -9999 -9999 -9999 -9999 -9999 -9999 -9999 -9999 -9999 -9999 -9999 -9999 -9999 -9999 -9999 -9999 -9999 398.10889 398.08389 398.0629 398.05841 398.04739 398.01489 397.97589 397.94989 397.93591 397.92139 397.9039 397.88696 397.87439 397.86545 397.8609 397.85999 397.86389 397.87097 397.89041 397.89789 397.90247 397.87396 397.79395 397.66998 397.60251 397.54651 397.51398 397.50201 397.505 397.49249 397.44501 397.36102 397.26801 397.1655 397.06152 396.95099 396.849 396.75049
-9999 -9999 -9999 -9999 -9999 -9999 -9999 -9999 -9999 -9999 -9999 -9999 -9999 -9999 -9999 -9999 -9999 -9999 -9999 -9999 -9999 -9999 -9999 -9999 -9999 -9999 -9999 -9999 -9999 -9999 398.1134 398.0979 398.0889 398.09839 398.08191 398.06592 398.03491 398.01089 397.97638 397.97739 397.96442 397.95941 397.95593 397.95642 397.9754 397.98145 398.01697 398.03442 398.09442 398.12891 398.1424 398.15741 398.1109 397.97495 397.87494 397.73996 397.71552 397.70801 397.73993 397.72995 397.69244 397.60446 397.50049 397.396 397.28802 397.17352 397.0575 396.95648
-9999 -9999 -9999 -9999 -9999 -9999 -9999 -9999 -9999 -9999 -9999 -9999 -9999 -9999 -9999 -9999 -9999 -9999 -9999 -9999 -9999 -9999 -9999 -9999 -9999 -9999 -9999 -9999 -9999 -9999 398.13342 398.10989 398.09888 398.09991 398.10138 398.07239 398.06488 398.05841 398.03491 398.03589 398.0354 398.0459 398.0484 398.06738 398.10638 398.13489 398.1864 398.24988 398.32489 398.37738 398.41742 398.44189 398.40839 398.33441 398.2229 398.11243 398.06595 398.07739 398.04791 398.03339 397.9469 397.85541 397.74741 397.63647 397.52451 397.40601 397.28851 397.17001
-9999 -9999 -9999 -9999 -9999 -9999 -9999 -9999 -9999 -9999 -9999 -9999 -9999 -9999 -9999 -9999 -9999 -9999 -9999 -9999 -9999 -9999 -9999 -9999 -9999 -9999 -9999 -9999 -9999 398.15692 398.14291 398.11938 398.11188 398.10742 398.10889 398.10541 398.09888 398.09241 398.10388 398.1149 398.13141 398.14191 398.18539 398.22141 398.26041 398.34943 398.43039 398.51038 398.58539 398.65439 398.69534 398.71985 398.71936 398.70038 398.65439 398.54388 398.4794 398.4274 398.39789 398.30991 398.2139 398.1134 398.0054 397.8924 397.77594 397.65747 397.52899 397.39401
