Zurich/swissbathy3d_zuerichsee_2056_5728/swissBATHY3D_CHLV95_LN02_2682_1245.asc
ncols 83
nrows 1000
xllcorner 2682917
yllcorner 1245000
cellsize 1
nodata_value -9999
[rows 900 to 929 of 1000, columns 0 to 67 of 83]
-9999 400.4267 400.23468 400.03571 399.86121 399.69324 399.52521 399.3493 399.18381 399.0473 398.92432 398.8298 398.7363 398.64832 398.58783 398.5278 398.46783 398.41937 398.38239 398.35388 398.32239 398.29639 398.27789 398.2659 398.26041 398.2659 398.26691 398.25839 398.25989 398.27139 398.28638 398.26288 398.20142 398.15588 398.14288 398.15689 398.1879 398.1904 398.1774 398.16589 398.12939 398.06641 397.9884 397.90588 397.82391 397.73041 397.61591 397.53387 397.47595 397.44141 397.39001 397.32349 397.27051 397.2345 397.1655 397.10449 397.03799 396.97052 396.90149 396.76251 396.62299 396.5325 396.4375 396.30762 396.16162 396.05161 395.94061 395.84711
-9999 400.3642 400.1897 399.99521 399.8197 399.66669 399.51276 399.35431 399.21082 399.0683 398.95428 398.8558 398.7608 398.67328 398.60284 398.53986 398.48083 398.4274 398.3884 398.35291 398.31738 398.28641 398.2634 398.24539 398.23941 398.23889 398.23492 398.22888 398.2084 398.17792 398.15439 398.15741 398.10742 398.05688 398.03638 398.01837 398.03439 398.04492 398.02139 397.99841 397.98492 397.9469 397.88989 397.82892 397.7594 397.63892 397.52191 397.44043 397.38751 397.34796 397.29852 397.25452 397.21997 397.15552 397.08249 397.01648 396.952 396.89151 396.8385 396.73798 396.6225 396.52307 396.40155 396.2666 396.1391 396.01563 395.91608 395.81012
-9999 400.3082 400.1337 399.97369 399.81219 399.66071 399.51575 399.36279 399.22931 399.0983 398.98029 398.88129 398.78131 398.6958 398.62634 398.55685 398.49481 398.43384 398.38989 398.35141 398.30991 398.2749 398.2489 398.22742 398.20789 398.20041 398.19391 398.18292 398.17188 398.13641 398.10291 398.05789 398.01788 397.97391 397.9324 397.90039 397.8894 397.8634 397.85089 397.83789 397.8219 397.81439 397.7684 397.7189 397.64639 397.5394 397.42596 397.34 397.30298 397.25348 397.20001 397.15149 397.1095 397.04749 396.9895 396.9245 396.86249 396.8085 396.76349 396.70398 396.61899 396.51855 396.34662 396.2236 396.1026 395.9921 395.8941 395.7876
-9999 400.27917 400.11719 399.9632 399.8107 399.66626 399.52631 399.38031 399.25629 399.12579 399.01379 398.9093 398.80029 398.7128 398.64685 398.57681 398.50586 398.43842 398.39392 398.34741 398.2999 398.26239 398.22891 398.20239 398.1749 398.15991 398.1424 398.11639 398.10089 398.07788 398.04388 397.99591 397.94391 397.8894 397.8504 397.80737 397.77591 397.74741 397.72888 397.7114 397.70639 397.69839 397.66492 397.59692 397.51892 397.41846 397.31799 397.26251 397.22351 397.172 397.12152 397.0755 397.0235 396.96899 396.91299 396.85651 396.79199 396.74451 396.71201 396.66299 396.61401 396.47855 396.3056 396.17661 396.0816 395.97461 395.87512 395.7666
-9999 400.2767 400.11572 399.9617 399.81519 399.67621 399.53625 399.41382 399.27731 399.1478 399.0358 398.93378 398.82379 398.7363 398.6658 398.58685 398.5173 398.44986 398.38892 398.34039 398.29291 398.24341 398.20392 398.1684 398.1409 398.10489 398.0759 398.0499 398.01288 397.9899 397.9649 397.91687 397.85541 397.79791 397.75891 397.7204 397.68292 397.65442 397.62994 397.61545 397.6124 397.6044 397.56696 397.48547 397.40747 397.31845 397.23749 397.181 397.142 397.10199 397.05652 397.0105 396.96149 396.90948 396.85449 396.798 396.741 396.68652 396.65399 396.62 396.564 396.45306 396.28009 396.16461 396.07208 395.96509 395.85611 395.75958
-9999 400.28522 400.12622 399.96722 399.81421 399.67572 399.54425 399.42981 399.2988 399.16278 399.06079 398.96033 398.84631 398.7583 398.6853 398.60034 398.52185 398.45239 398.39038 398.3364 398.28241 398.23187 398.1889 398.14691 398.10791 398.05991 398.0249 397.98639 397.93091 397.8974 397.86188 397.80939 397.75439 397.7019 397.66589 397.6279 397.5889 397.5524 397.52148 397.5025 397.50095 397.48547 397.44147 397.36401 397.26099 397.185 397.14099 397.09302 397.06201 397.02802 396.987 396.9425 396.89752 396.849 396.80249 396.75299 396.70502 396.651 396.6145 396.561 396.49402 396.39355 396.2886 396.16962 396.0661 395.9476 395.84412 395.74658
-9999 400.3172 400.15521 399.97772 399.81421 399.6712 399.54926 399.43732 399.30579 399.1713 399.07181 398.96582 398.85681 398.77582 398.68732 398.59784 398.5224 398.44989 398.38391 398.32941 398.27539 398.22137 398.1694 398.1239 398.0824 398.03241 397.98389 397.92792 397.8689 397.81891 397.76941 397.71289 397.65643 397.6124 397.57895 397.53491 397.49146 397.44647 397.41101 397.38199 397.353 397.31946 397.26752 397.18903 397.121 397.078 397.04053 397.0145 396.98602 396.95349 396.91852 396.88098 396.83649 396.793 396.75101 396.71051 396.66852 396.62201 396.577 396.52051 396.45355 396.37854 396.2821 396.1731 396.05161 395.9306 395.83011 395.7421
-9999 400.3562 400.19321 400.0032 399.8262 399.67621 399.55682 399.45081 399.32281 399.1853 399.0838 398.96832 398.86481 398.7843 398.69031 398.60242 398.52139 398.44537 398.38791 398.32339 398.26538 398.20441 398.14941 398.10242 398.05438 398.0014 397.94641 397.8844 397.82339 397.76392 397.70642 397.64444 397.5929 397.54749 397.50146 397.45401 397.40796 397.3595 397.31097 397.26501 397.21552 397.16553 397.11249 397.0665 397.02698 396.98901 396.95151 396.93652 396.90747 396.88 396.84851 396.814 396.77148 396.73053 396.69501 396.66501 396.63251 396.59497 396.54852 396.48761 396.41956 396.3476 396.25311 396.14261 396.02161 395.91611 395.82208 395.7421
-9999 400.38269 400.21619 400.02618 399.84418 399.69318 399.57675 399.47079 399.3443 399.20428 399.09882 398.9783 398.8703 398.7858 398.69785 398.60083 398.51538 398.44589 398.3754 398.3089 398.2489 398.18591 398.1264 398.0744 398.02191 397.96991 397.91241 397.84741 397.78088 397.71741 397.65991 397.60544 397.55295 397.49445 397.43799 397.3905 397.34253 397.2915 397.23901 397.19 397.133 397.07751 397.034 396.995 396.95001 396.901 396.875 396.85999 396.82849 396.79901 396.76648 396.73798 396.70251 396.66602 396.63901 396.62 396.60907 396.58698 396.535 396.45206 396.37762 396.30011 396.2016 396.09912 395.99561 395.9021 395.81561 395.75708
-9999 400.36719 400.2027 400.0282 399.8642 399.71667 399.58969 399.48022 399.3548 399.2243 399.11731 399.00281 398.8938 398.7868 398.69586 398.60284 398.51233 398.4324 398.36389 398.2934 398.2294 398.16742 398.10638 398.05292 397.99341 397.9379 397.87939 397.81342 397.74188 397.67691 397.62341 397.57141 397.52094 397.46341 397.40045 397.34253 397.29501 397.23999 397.18799 397.1355 397.08099 397.0275 396.98248 396.9425 396.89252 396.83951 396.8045 396.78799 396.74951 396.716 396.68201 396.64951 396.61798 396.58698 396.56952 396.5675 396.577 396.569 396.57098 396.45856 396.36462 396.2561 396.16058 396.06311 395.96561 395.8721 395.7916 395.73511
-9999 400.33722 400.17819 400.02222 399.8707 399.73218 399.61224 399.4913 399.36279 399.24182 399.12628 399.0213 398.90228 398.79379 398.70279 398.60229 398.50592 398.42191 398.3494 398.28189 398.21539 398.15192 398.09192 398.0379 397.9754 397.91241 397.85089 397.78839 397.71588 397.64841 397.59338 397.53995 397.48395 397.42145 397.36401 397.30951 397.25549 397.194 397.14148 397.08948 397.0325 396.979 396.935 396.883 396.83002 396.785 396.74847 396.71451 396.668 396.6275 396.59006 396.55304 396.52255 396.49707 396.4856 396.4881 396.50406 396.55106 396.59705 396.49463 396.33759 396.21008 396.13309 396.0416 395.93909 395.84058 395.76059 395.6666
-9999 400.32321 400.18671 400.0307 399.88019 399.74719 399.62726 399.50879 399.3898 399.2753 399.15979 399.03278 398.90829 398.7998 398.69534 398.60034 398.50537 398.42136 398.33838 398.27338 398.20691 398.13589 398.07391 398.00989 397.94739 397.88843 397.8269 397.7644 397.6944 397.61945 397.55945 397.50598 397.44449 397.38345 397.32599 397.26752 397.21399 397.1525 397.095 397.04199 396.98853 396.935 396.87799 396.8255 396.77252 396.7215 396.67505 396.63202 396.58551 396.534 396.49359 396.4566 396.41461 396.3811 396.36511 396.36761 396.36963 396.4321 396.47809 396.4231 396.27509 396.18109 396.1041 395.98309 395.87061 395.77209 395.61014 395.47165
-9999 400.31921 400.1897 400.0397 399.89618 399.76419 399.65225 399.53424 399.39981 399.2883 399.16031 399.04132 398.91879 398.7963 398.69284 398.59689 398.50485 398.41391 398.33392 398.2659 398.2009 398.12341 398.05789 397.99091 397.92639 397.86688 397.8064 397.7384 397.6709 397.60046 397.54193 397.48145 397.41443 397.35049 397.289 397.229 397.17099 397.11798 397.06 397.0015 396.948 396.89401 396.83252 396.772 396.72302 396.67297 396.61053 396.56155 396.50659 396.44659 396.40259 396.35809 396.3121 396.27362 396.24011 396.21411 396.1691 396.20911 396.23105 396.23004 396.10358 396.09009 396.01709 395.85107 395.70361 395.61609 395.43115 395.23169
-9999 400.32971 400.20819 400.0567 399.91467 399.78973 399.67218 399.53281 399.40179 399.28229 399.1633 399.0448 398.9158 398.7883 398.68579 398.58838 398.49786 398.41241 398.33142 398.26691 398.19391 398.1149 398.04388 397.9729 397.9144 397.85291 397.78387 397.71991 397.65143 397.58344 397.52094 397.45599 397.3905 397.323 397.26099 397.20148 397.14551 397.08749 397.026 396.96698 396.90701 396.849 396.78448 396.71948 396.66907 396.6105 396.55411 396.49161 396.43512 396.37512 396.31659 396.26257 396.21161 396.1636 396.10162 396.03961 395.97409 395.95309 395.93158 395.90359 395.9101 395.89008 395.7446 395.56564 395.45715 395.35114 395.1727 395.05768
-9999 400.37219 400.2327 400.07422 399.92871 399.79718 399.66968 399.54181 399.40582 399.2868 399.16528 399.0473 398.92081 398.79431 398.69379 398.58789 398.49435 398.40942 398.3309 398.2554 398.18042 398.10492 398.03192 397.96091 397.8999 397.83893 397.77191 397.70343 397.63593 397.56201 397.49796 397.435 397.36798 397.30551 397.24399 397.1785 397.116 397.052 396.99451 396.92999 396.86749 396.80402 396.737 396.66656 396.60706 396.55151 396.49109 396.42761 396.36658 396.3031 396.2341 396.1716 396.11609 396.0546 395.97559 395.8956 395.82208 395.75659 395.69458 395.64258 395.62259 395.60266 395.48663 395.34219 395.24469 395.16721 395.07019 394.97769
-9999 -9999 400.2847 400.10968 399.95569 399.81268 399.67627 399.54681 399.41681 399.29431 399.17133 399.05029 398.9263 398.80731 398.7048 398.60135 398.50238 398.41138 398.33441 398.25189 398.17542 398.0994 398.0264 397.9549 397.8894 397.82791 397.76489 397.69189 397.62091 397.54846 397.47998 397.41 397.34351 397.284 397.2225 397.15698 397.09198 397.02197 396.95898 396.89899 396.8335 396.76251 396.69299 396.62906 396.56155 396.504 396.4321 396.37659 396.3056 396.23761 396.17212 396.0961 396.03711 395.96759 395.88208 395.8046 395.73358 395.65808 395.58417 395.51865 395.4566 395.3717 395.3042 395.20221 395.13171 395.06519 394.9902 394.91821
-9999 -9999 400.31567 400.14618 399.98169 399.83319 399.68677 399.55231 399.43079 399.3093 399.17981 399.0563 398.9343 398.8183 398.71179 398.61035 398.51089 398.4144 398.3349 398.25391 398.17841 398.09839 398.02289 397.94791 397.88342 397.81891 397.75342 397.68188 397.60895 397.53699 397.46399 397.38901 397.32349 397.26251 397.19702 397.129 397.06348 396.99597 396.9295 396.86899 396.79999 396.716 396.65555 396.59155 396.52057 396.44958 396.38809 396.32611 396.25159 396.18158 396.11011 396.03558 395.96359 395.89258 395.81409 395.73859 395.6666 395.58911 395.51416 395.4487 395.3667 395.29022 395.22522 395.15521 395.08618 395.01419 394.94269 394.87122
-9999 -9999 400.33771 400.1622 400.00018 399.84271 399.69519 399.56573 399.45624 399.33481 399.1908 399.06732 398.94781 398.82629 398.7168 398.61438 398.51984 398.42639 398.3374 398.26038 398.1759 398.09839 398.0199 397.95041 397.87891 397.81189 397.74139 397.67096 397.59949 397.52551 397.44351 397.37299 397.30701 397.24048 397.17151 397.10101 397.03149 396.96198 396.8985 396.841 396.77148 396.68951 396.61755 396.54855 396.47662 396.41058 396.3551 396.28409 396.20309 396.13458 396.0611 395.9906 395.91559 395.84061 395.76959 395.69458 395.61908 395.54517 395.4697 395.40469 395.32568 395.2467 395.18619 395.12018 395.05573 394.98071 394.90421 394.8407
-9999 -9999 400.3627 400.18719 400.01868 399.8642 399.71671 399.59576 399.49524 399.37531 399.23132 399.09479 398.9718 398.85031 398.73187 398.6214 398.52435 398.43091 398.34589 398.26538 398.18091 398.10242 398.03088 397.95142 397.87988 397.80591 397.73138 397.66095 397.58499 397.5065 397.427 397.35651 397.28851 397.216 397.147 397.073 397.0025 396.93298 396.867 396.80298 396.742 396.66 396.58453 396.51251 396.44055 396.37961 396.32159 396.2486 396.1676 396.0896 396.01862 395.94812 395.87811 395.80511 395.73361 395.6586 395.58765 395.51666 395.44119 395.3692 395.29669 395.21719 395.15668 395.08569 395.02222 394.9472 394.88321 394.8107
-9999 -9999 400.38818 400.22968 400.07172 399.90921 399.74768 399.62732 399.51678 399.4028 399.25729 399.11679 398.9953 398.86731 398.76035 398.64337 398.54135 398.44839 398.35791 398.27191 398.18439 398.1059 398.0379 397.9639 397.88541 397.80792 397.73291 397.65744 397.573 397.49249 397.418 397.34601 397.27399 397.2005 397.13098 397.05048 396.978 396.90698 396.84549 396.76898 396.70151 396.63556 396.5585 396.48248 396.40561 396.34161 396.27811 396.20459 396.13361 396.05609 395.98358 395.91159 395.84659 395.77557 395.70062 395.6301 395.56213 395.49121 395.41565 395.34473 395.27222 395.20419 395.13068 395.06567 394.99921 394.9277 394.85471 394.78619
-9999 -9999 400.43921 400.30469 400.13321 399.9592 399.80225 399.6698 399.54932 399.4183 399.28528 399.15179 399.01581 398.90881 398.77881 398.6618 398.5524 398.4614 398.37341 398.28741 398.19641 398.1199 398.04791 397.9729 397.89539 397.81891 397.74091 397.65997 397.57394 397.49146 397.4075 397.33099 397.26099 397.18851 397.10999 397.02899 396.95349 396.883 396.8085 396.73401 396.67706 396.60352 396.53156 396.45313 396.3761 396.31158 396.2431 396.1756 396.10809 396.02661 395.95209 395.88861 395.82059 395.74512 395.67358 395.60464 395.53864 395.46915 395.39819 395.32721 395.25769 395.18768 395.1102 395.04919 394.9852 394.91519 394.84271 394.76471
-9999 -9999 400.5177 400.34821 400.17371 400.0072 399.84119 399.69629 399.56482 399.43732 399.31232 399.1868 399.0593 398.92432 398.7923 398.67435 398.57339 398.48389 398.3959 398.3089 398.22189 398.1394 398.06091 397.99039 397.91638 397.83691 397.75342 397.66901 397.57745 397.48346 397.39951 397.32349 397.25403 397.1745 397.09448 397.01349 396.9285 396.849 396.77802 396.7085 396.64349 396.57755 396.50955 396.44061 396.37012 396.29211 396.2326 396.1521 396.0791 396.00812 395.9386 395.86859 395.79709 395.7251 395.6496 395.58609 395.52115 395.4552 395.38519 395.31421 395.24219 395.17572 395.1077 395.02472 394.97119 394.90271 394.8237 394.74872
-9999 -9999 400.55469 400.39221 400.1962 400.02771 399.86322 399.71527 399.5928 399.47632 399.33832 399.21381 399.08832 398.95978 398.82031 398.70233 398.60138 398.50787 398.41888 398.32892 398.25641 398.1759 398.0914 398.01639 397.94739 397.87039 397.78589 397.69189 397.59845 397.50494 397.4205 397.332 397.26099 397.17902 397.082 397 396.90601 396.83002 396.75549 396.68799 396.61652 396.55157 396.48605 396.42108 396.35712 396.2876 396.22162 396.14459 396.06659 395.99411 395.92462 395.8616 395.78659 395.70612 395.63809 395.57013 395.5087 395.44318 395.3732 395.30322 395.23419 395.16272 395.10071 395.02319 394.9592 394.8837 394.80569 394.7402
-9999 -9999 400.53918 400.38818 400.20367 400.02917 399.86621 399.73376 399.6283 399.50479 399.36829 399.23529 399.10779 398.99078 398.86279 398.73935 398.62891 398.53839 398.45941 398.37592 398.29541 398.2204 398.13538 398.06891 397.99487 397.92139 397.83893 397.74744 397.64746 397.5585 397.465 397.36349 397.26849 397.181 397.082 396.979 396.89349 396.811 396.73749 396.668 396.60056 396.53461 396.46759 396.3981 396.3266 396.26361 396.2001 396.12659 396.05359 395.98212 395.91357 395.85159 395.7746 395.69708 395.62759 395.56509 395.49719 395.43314 395.36713 395.2962 395.22522 395.15521 395.09369 395.03671 394.9617 394.86169 394.79718 394.71719
-9999 -9999 -9999 400.37219 400.2002 400.0257 399.86072 399.73572 399.61929 399.4913 399.3653 399.23328 399.11829 399.02832 398.91479 398.78284 398.6564 398.57642 398.5069 398.43591 398.3519 398.27539 398.20392 398.1449 398.07037 397.98792 397.91138 397.82538 397.72845 397.63995 397.54797 397.444 397.33948 397.21301 397.11401 397.00452 396.9075 396.7955 396.72198 396.65448 396.59106 396.52405 396.45505 396.37961 396.31311 396.25159 396.1861 396.1156 396.04907 395.97607 395.90759 395.84113 395.7626 395.68359 395.61511 395.55066 395.4837 395.4267 395.3627 395.29321 395.2222 395.15219 395.08221 395.02521 394.95319 394.8602 394.78271 394.7052
-9999 -9999 -9999 400.37372 400.2037 400.02271 399.8577 399.77472 399.58478 399.4668 399.34079 399.23431 399.14529 399.0553 398.93781 398.79932 398.69235 398.61237 398.56589 398.50092 398.4169 398.34241 398.28241 398.22638 398.15189 398.08539 398.01392 397.92792 397.8479 397.7699 397.69791 397.59393 397.49048 397.34052 397.22699 397.09003 396.94202 396.83002 396.72357 396.65198 396.586 396.51898 396.44757 396.3746 396.30811 396.2406 396.17609 396.11011 396.04358 395.97409 395.89862 395.83209 395.75659 395.67609 395.59265 395.5282 395.47571 395.42419 395.3602 395.2872 395.21719 395.14319 395.07318 395.00519 394.94122 394.84821 394.76422 394.69769
-9999 -9999 -9999 400.40271 400.20221 400.02469 399.88126 399.7897 399.63025 399.44479 399.32181 399.22382 399.14178 399.05081 398.92279 398.7973 398.6893 398.63284 398.58789 398.5289 398.45441 398.39841 398.34491 398.3089 398.2619 398.2099 398.13892 398.0704 397.97589 397.89841 397.81738 397.78046 397.69897 397.55298 397.36749 397.22699 397.08002 396.8815 396.74304 396.66754 396.59698 396.52612 396.45261 396.38062 396.30658 396.2341 396.17212 396.10858 396.04211 395.9776 395.90363 395.8316 395.75165 395.67715 395.59265 395.5112 395.45721 395.4147 395.35419 395.2847 395.21469 395.13919 395.06671 394.98871 394.91821 394.8457 394.76419 394.68671
-9999 -9999 -9999 400.44464 400.23669 400.0177 399.86218 399.72974 399.54074 399.42181 399.30328 399.20929 399.11829 399.01129 398.86929 398.75879 398.68484 398.62738 398.58289 398.52991 398.47137 398.4274 398.40192 398.37891 398.35089 398.3089 398.2619 398.19739 398.10541 397.98792 397.93738 397.94592 397.89145 397.71396 397.50201 397.3765 397.20398 396.9585 396.79352 396.703 396.63013 396.5491 396.46613 396.3801 396.29761 396.2356 396.17609 396.11108 396.04608 395.98111 395.91711 395.84161 395.76315 395.68359 395.59415 395.51422 395.46271 395.41769 395.35571 395.2872 395.2132 395.13818 395.0697 394.9877 394.91519 394.8407 394.76318 394.7002
-9999 -9999 -9999 400.50464 400.2562 400.01868 399.83075 399.66174 399.51324 399.39581 399.2818 399.1788 399.07977 398.9613 398.84329 398.74234 398.65991 398.61841 398.56592 398.52591 398.48389 398.44339 398.41492 398.40289 398.3934 398.3699 398.3299 398.26489 398.16339 398.04889 398.0054 398.03693 397.9989 397.8154 397.64349 397.51001 397.32449 397.06348 396.8645 396.763 396.67804 396.58759 396.48163 396.39011 396.30658 396.2381 396.18408 396.12259 396.05609 395.99359 395.9306 395.8591 395.77911 395.69565 395.61514 395.54169 395.47519 395.42072 395.35571 395.28772 395.2142 395.14221 395.06769 394.9917 394.9162 394.8457 394.77618 394.70425
-9999 -9999 -9999 400.53021 400.3107 400.06119 399.8382 399.66675 399.4928 399.36279 399.24731 399.14282 399.03778 398.92929 398.81378 398.73129 398.64984 398.59589 398.5639 398.52191 398.48691 398.44989 398.4194 398.4024 398.3869 398.37241 398.33942 398.29938 398.19788 398.08389 398.03641 398.00891 397.98441 397.82538 397.73889 397.616 397.42499 397.203 397.00549 396.87152 396.77649 396.664 396.5556 396.45313 396.33112 396.25861 396.19208 396.13361 396.07208 396.00861 395.9451 395.8736 395.79608 395.71313 395.63666 395.56369 395.49622 395.43271 395.36221 395.28271 395.21118 395.1467 395.06921 394.9917 394.92169 394.84821 394.77319 394.69775
