Zurich/swissbathy3d_zuerichsee_2056_5728/swissBATHY3D_CHLV95_LN02_2682_1245.asc
ncols 83
nrows 1000
xllcorner 2682917
yllcorner 1245000
cellsize 1
nodata_value -9999
[rows 810 to 839 of 1000, columns 0 to 67 of 83]
-9999 -9999 -9999 -9999 399.80768 399.59418 399.33121 399.09625 398.87482 398.66632 398.44031 398.26086 398.10236 397.96283 397.84338 397.7514 397.65939 397.59091 397.52942 397.4664 397.4079 397.34741 397.3049 397.2674 397.22388 397.18341 397.14893 397.11938 397.08691 397.0564 397.02441 396.99695 396.97192 396.94446 396.9324 396.92841 396.90295 396.883 396.87851 396.87045 396.86652 396.82501 396.7085 396.56 396.38452 396.19348 395.98706 395.7731 395.5816 395.45758 395.37061 395.30859 395.25009 395.18262 395.12262 395.0816 395.06561 395.0491 395.02216 394.9856 394.93915 394.89114 394.84418 394.80014 394.7612 394.71118 394.65369 394.59119
-9999 -9999 -9999 -9999 399.75922 399.5397 399.29419 399.06427 398.85028 398.6373 398.44379 398.27832 398.12634 397.98685 397.87091 397.76889 397.68988 397.6149 397.5574 397.49188 397.43491 397.3804 397.33539 397.29791 397.2504 397.20837 397.1759 397.1434 397.11044 397.0769 397.04639 397.01691 396.99139 396.96344 396.94293 396.92297 396.90643 396.892 396.89151 396.91141 396.91895 396.84302 396.70349 396.53699 396.35501 396.173 395.97107 395.7601 395.57208 395.43909 395.3501 395.28058 395.19812 395.11212 395.04559 395.02365 395.03909 395.03665 395.00958 394.9726 394.92871 394.88013 394.83969 394.79718 394.75269 394.70569 394.6467 394.58221
-9999 -9999 -9999 -9999 399.72821 399.50269 399.26569 399.03925 398.81128 398.59329 398.44678 398.33728 398.19284 398.02039 397.90692 397.8064 397.71991 397.6434 397.58942 397.5304 397.45642 397.40588 397.36591 397.3244 397.28439 397.24139 397.20789 397.17139 397.13342 397.0994 397.0679 397.03641 397.00891 396.98596 396.95349 396.92401 396.9025 396.88849 396.88751 396.8985 396.91943 396.83295 396.68048 396.5015 396.33301 396.146 395.94006 395.7291 395.55359 395.4256 395.33508 395.2641 395.18109 395.0806 394.99713 394.97964 395.00565 395.02115 395.00165 394.96808 394.92365 394.87415 394.82721 394.7887 394.74469 394.6922 394.6402 394.57568
-9999 -9999 -9999 -9999 399.7142 399.48669 399.2562 399.02325 398.7998 398.59082 398.45532 398.36981 398.21185 398.0459 397.9299 397.83539 397.75739 397.67639 397.61591 397.55389 397.4899 397.4379 397.3949 397.3569 397.32291 397.2804 397.24042 397.19589 397.15588 397.1279 397.09439 397.06293 397.03442 396.99991 396.96341 396.92694 396.90201 396.8725 396.86298 396.86249 396.83197 396.76001 396.60999 396.46399 396.30151 396.11749 395.90405 395.69009 395.53159 395.40759 395.3201 395.25409 395.1716 395.07666 395.0076 394.9881 395.01611 395.0271 394.99463 394.95615 394.91766 394.8667 394.8222 394.78171 394.73169 394.68469 394.63071 394.57922
-9999 -9999 -9999 -9999 399.71921 399.49069 399.26019 399.02975 398.8063 398.61279 398.47729 398.35278 398.24231 398.07635 398.06235 397.8714 397.78989 397.70889 397.6344 397.5824 397.5184 397.47839 397.43091 397.39288 397.35889 397.3139 397.26941 397.22491 397.18842 397.16141 397.1264 397.09494 397.05096 397.01147 396.97498 396.92746 396.87799 396.84851 396.80298 396.76648 396.73499 396.66299 396.5755 396.4285 396.26599 396.06799 395.85306 395.6546 395.49609 395.3916 395.30762 395.24161 395.18909 395.12509 395.05811 395.0386 395.02661 395.0181 394.98566 394.94763 394.90771 394.8577 394.8132 394.77222 394.7272 394.68021 394.6282 394.5657
-9999 -9999 -9999 -9999 399.7547 399.54169 399.26971 399.04382 398.82629 398.63281 398.48029 398.35132 398.2283 398.13535 398.12231 397.98486 397.82339 397.74438 397.67291 397.61041 397.56839 397.5159 397.4689 397.42889 397.38788 397.34192 397.30042 397.25537 397.22089 397.1879 397.15839 397.12341 397.07941 397.03748 397 396.9635 396.90497 396.82349 396.7475 396.70801 396.6615 396.59201 396.51251 396.38251 396.21051 396.02301 395.80411 395.60712 395.46307 395.36761 395.2926 395.23212 395.18311 395.13409 395.0921 395.06461 395.04858 395.01361 394.97266 394.93915 394.89764 394.84918 394.80969 394.76471 394.72321 394.67218 394.61719 394.56219
-9999 -9999 -9999 -9999 399.78668 399.5397 399.27826 399.0538 398.8363 398.6413 398.49329 398.36932 398.2518 398.16431 398.1098 398.01935 397.8634 397.78638 397.72388 397.66089 397.60193 397.54941 397.5029 397.4599 397.41492 397.37292 397.3324 397.28888 397.24841 397.21741 397.18842 397.15192 397.11591 397.07843 397.06293 397.04245 396.95746 396.815 396.70099 396.64801 396.58951 396.52451 396.43152 396.30353 396.15649 395.97107 395.76111 395.56561 395.44012 395.35461 395.28009 395.22461 395.17511 395.1326 395.09561 395.06812 395.03558 394.99866 394.9592 394.92365 394.88315 394.8447 394.8017 394.76172 394.71619 394.6637 394.61169 394.5517
-9999 -9999 -9999 -9999 399.78571 399.52521 399.28876 399.06482 398.84882 398.6658 398.52081 398.39832 398.28131 398.16879 398.0704 397.98138 397.9039 397.82941 397.76889 397.70041 397.63541 397.58191 397.53992 397.49591 397.4469 397.40839 397.36841 397.32642 397.28888 397.25439 397.22241 397.18591 397.15338 397.14288 397.15689 397.1394 397.00201 396.76501 396.65149 396.58551 396.52151 396.44901 396.34802 396.22501 396.09006 395.90912 395.70209 395.5351 395.42358 395.33807 395.27258 395.21411 395.16611 395.1246 395.09259 395.06311 395.02759 394.98969 394.9512 394.91464 394.8757 394.83569 394.79071 394.7547 394.7132 394.66071 394.6152 394.5397
-9999 -9999 -9999 -9999 399.77121 399.53821 399.29822 399.07782 398.8793 398.69879 398.55481 398.42828 398.31281 398.20178 398.1019 398.01535 397.9324 397.86441 397.80139 397.74042 397.6759 397.62238 397.5809 397.53088 397.48239 397.4469 397.40839 397.37042 397.3364 397.3024 397.2764 397.2644 397.2514 397.22391 397.2019 397.09442 396.90601 396.7135 396.58151 396.51849 396.45453 396.3735 396.26849 396.16501 396.03009 395.85211 395.67059 395.5191 395.40961 395.32861 395.2666 395.21411 395.1676 395.1171 395.08365 395.05511 395.02515 394.99115 394.9462 394.91016 394.86963 394.82419 394.78369 394.7457 394.7052 394.6582 394.59869 394.5242
-9999 -9999 -9999 -9999 399.78571 399.55072 399.31519 399.09723 398.90631 398.7338 398.5853 398.45782 398.34082 398.23029 398.13184 398.03741 397.9509 397.8949 397.8374 397.7739 397.72992 397.6824 397.63739 397.5864 397.52588 397.48389 397.44843 397.4259 397.3934 397.36188 397.3634 397.39288 397.38391 397.36441 397.21442 397.02945 396.776 396.61548 396.51801 396.45151 396.39099 396.3205 396.2215 396.11652 395.99207 395.81012 395.63611 395.49908 395.39859 395.32159 395.2601 395.2081 395.16858 395.1171 395.07465 395.04767 395.0181 394.98358 394.93759 394.90021 394.86014 394.81519 394.7757 394.73819 394.69568 394.64319 394.58771 394.51172
-9999 -9999 -9999 -9999 399.79718 399.57172 399.34375 399.13431 398.94623 398.77679 398.61731 398.48682 398.37329 398.26178 398.15579 398.06134 397.98792 397.92542 397.86542 397.8049 397.77942 397.74792 397.73792 397.71338 397.64691 397.59692 397.5509 397.53241 397.50488 397.52039 397.56293 397.5524 397.55042 397.4469 397.21945 396.96951 396.67999 396.526 396.4545 396.396 396.33301 396.26752 396.17599 396.08301 395.93707 395.75513 395.5946 395.47308 395.38611 395.3111 395.2551 395.20059 395.15109 395.1041 395.07062 395.03558 395.0076 394.9787 394.93518 394.88919 394.85669 394.81171 394.77222 394.7327 394.69519 394.63821 394.57471 394.50922
-9999 -9999 -9999 -9999 399.82971 399.6167 399.38873 399.18677 399.00525 398.82629 398.66681 398.52429 398.4003 398.28879 398.1853 398.09387 398.01141 397.94891 397.89291 397.85339 397.82791 397.89291 397.93689 397.9234 397.8569 397.78839 397.74191 397.72339 397.70941 397.72137 397.7309 397.7204 397.61389 397.4389 397.21146 396.87051 396.60251 396.44849 396.39099 396.33551 396.27551 396.20999 396.13501 396.01904 395.87311 395.6976 395.54761 395.44409 395.35712 395.29059 395.23462 395.18011 395.1366 395.10165 395.06714 395.03217 394.99817 394.97113 394.92764 394.89169 394.85468 394.80823 394.76871 394.73071 394.69318 394.6362 394.5657 394.4982
-9999 -9999 -9999 -9999 399.8447 399.64221 399.43021 399.2327 399.05579 398.88379 398.71979 398.57928 398.4433 398.31781 398.20831 398.11737 398.0314 397.96286 397.90692 397.87091 397.8779 397.94891 398.0484 398.07935 398.03885 397.97888 397.93842 397.89789 397.8689 397.85938 397.81891 397.74741 397.6394 397.3869 397.0495 396.69101 396.47552 396.37952 396.32349 396.2785 396.21899 396.1615 396.0845 395.9696 395.79462 395.6261 395.50061 395.40759 395.3396 395.2746 395.22308 395.18359 395.13812 395.10114 395.06519 395.02722 394.99271 394.95911 394.93069 394.89169 394.84668 394.80719 394.75818 394.72769 394.6897 394.62469 394.5567 394.4877
-9999 -9999 -9999 -9999 399.85718 399.6647 399.47021 399.28024 399.10229 398.93378 398.77679 398.62732 398.48779 398.34833 398.23029 398.12735 398.04333 397.97534 397.91638 397.8844 397.88843 397.95642 398.07483 398.14081 398.12939 398.07635 398.02234 397.93591 397.87341 397.8334 397.73639 397.64041 397.4064 397.10547 396.737 396.55951 396.383 396.31653 396.271 396.22949 396.172 396.10754 396.01456 395.89758 395.73511 395.58661 395.48712 395.39862 395.3331 395.27759 395.2276 395.18762 395.14261 395.10165 395.06464 395.03064 394.98267 394.95416 394.91913 394.8757 394.83722 394.8017 394.76569 394.7287 394.68521 394.62769 394.5527 394.47971
-9999 -9999 -9999 -9999 399.8717 399.70819 399.51971 399.33521 399.15225 398.99677 398.84979 398.6933 398.53531 398.38379 398.25482 398.14084 398.04883 397.97888 397.91492 397.87189 397.85638 397.90839 398.00885 398.08591 398.11731 398.08282 397.98889 397.89142 397.8074 397.6929 397.5524 397.39441 397.10745 396.77649 396.49152 396.37701 396.31549 396.26151 396.22449 396.17801 396.11658 396.03754 395.9256 395.8186 395.6731 395.5441 395.46362 395.38708 395.32361 395.2811 395.2381 395.18658 395.1441 395.10159 395.06812 395.0351 394.99158 394.94965 394.90668 394.87021 394.83472 394.8067 394.77271 394.73322 394.69019 394.62921 394.55569 394.47369
-9999 -9999 -9999 -9999 399.92023 399.76071 399.5762 399.39117 399.22626 399.08118 398.9288 398.76779 398.60529 398.42578 398.2753 398.13434 398.04135 397.96289 397.88739 397.83139 397.77991 397.76892 397.82739 397.9454 398.01886 397.98389 397.87543 397.72888 397.57239 397.38397 397.23938 397.04395 396.8215 396.60748 396.41901 396.31699 396.267 396.215 396.17099 396.12402 396.03857 395.93506 395.84909 395.7511 395.63062 395.52362 395.4476 395.37512 395.3251 395.2876 395.23761 395.18909 395.15009 395.10211 395.06061 395.03064 394.99561 394.9447 394.90564 394.87271 394.83319 394.79871 394.7547 394.72272 394.67969 394.62268 394.53821 394.46021
-9999 -9999 -9999 -9999 399.9827 399.81921 399.6402 399.45569 399.28918 399.1492 398.98825 398.83279 398.67328 398.48029 398.30579 398.13785 398.02588 397.94589 397.86292 397.79489 397.72189 397.66492 397.68793 397.7424 397.7644 397.75092 397.64392 397.52789 397.32394 397.09052 396.87994 396.75046 396.58002 396.40601 396.33649 396.26801 396.22 396.16251 396.1185 396.06055 395.97412 395.87909 395.77759 395.69009 395.60211 395.51208 395.4426 395.37311 395.32312 395.28412 395.2356 395.19061 395.14862 395.1051 395.06259 395.01459 394.97815 394.93713 394.9007 394.87115 394.8367 394.7912 394.7467 394.70721 394.66919 394.61121 394.53168 394.44971
-9999 -9999 -9999 -9999 400.07013 399.91971 399.71521 399.53369 399.3587 399.1882 399.01123 398.85681 398.68829 398.47479 398.27582 398.12036 398.01392 397.92542 397.8399 397.7579 397.67242 397.60791 397.5719 397.54541 397.49139 397.46191 397.36938 397.26544 397.07751 396.84149 396.6915 396.5715 396.43402 396.3595 396.2865 396.229 396.16699 396.11249 396.05957 395.99655 395.91461 395.8331 395.74359 395.6601 395.58459 395.50708 395.4426 395.3826 395.33459 395.28662 395.24561 395.19861 395.15259 395.10858 395.05515 394.99109 394.95258 394.91919 394.88818 394.85718 394.82172 394.78369 394.74771 394.70721 394.66772 394.6087 394.53168 394.45471
-9999 -9999 -9999 -9999 400.19562 400.01569 399.81119 399.57919 399.37769 399.19876 399.02179 398.83231 398.64929 398.43579 398.27332 398.11737 398.0014 397.9129 397.82239 397.7334 397.64789 397.56439 397.47638 397.3909 397.33691 397.23389 397.13892 397.03497 396.90451 396.75549 396.61249 396.49249 396.41052 396.33002 396.25702 396.1925 396.13354 396.07904 396.01404 395.95004 395.87457 395.79309 395.7196 395.64911 395.57361 395.50708 395.44159 395.3801 395.33209 395.2886 395.2496 395.20261 395.16962 395.11761 395.0347 394.97064 394.93265 394.91022 394.87921 394.84369 394.81421 394.7742 394.73822 394.70319 394.65921 394.60022 394.52771 394.43768
-9999 -9999 -9999 -9999 400.27515 400.11069 399.88818 399.64371 399.39471 399.19977 399.0163 398.81781 398.6218 398.42682 398.27829 398.13232 398.00589 397.90091 397.8009 397.7139 397.6329 397.52991 397.4339 397.33838 397.24438 397.12344 397.01395 396.88901 396.77951 396.6615 396.56152 396.46948 396.3855 396.3075 396.23401 396.16901 396.11157 396.05054 395.9841 395.91211 395.8396 395.76511 395.6991 395.63159 395.56158 395.49609 395.43961 395.37909 395.33862 395.29211 395.25061 395.2146 395.18359 395.13861 395.05014 394.9527 394.9212 394.90421 394.87268 394.84418 394.81421 394.77472 394.73221 394.6897 394.64471 394.5892 394.5137 394.4202
-9999 -9999 -9999 -9999 -9999 400.18365 399.9397 399.6792 399.4357 399.22125 399.01324 398.8103 398.61578 398.43579 398.27429 398.12384 398.00439 397.89288 397.79489 397.70239 397.61191 397.50739 397.40689 397.30688 397.1944 397.07147 396.96201 396.84802 396.74152 396.642 396.54651 396.46149 396.37451 396.29102 396.21802 396.15302 396.08612 396.02606 395.95062 395.88013 395.81262 395.7421 395.67761 395.61761 395.54959 395.48962 395.43561 395.3866 395.3501 395.30359 395.25861 395.22009 395.18658 395.13861 395.04016 394.95013 394.92471 394.89972 394.86621 394.83319 394.80371 394.76422 394.7262 394.68372 394.6377 394.5867 394.5242 394.4162
-9999 -9999 -9999 -9999 -9999 400.21967 399.99365 399.7377 399.48322 399.24069 399.02029 398.80878 398.60529 398.42078 398.26031 398.12335 397.99289 397.88489 397.77692 397.68188 397.5824 397.48489 397.38489 397.27838 397.16296 397.0535 396.94299 396.83398 396.73199 396.63251 396.54352 396.45648 396.36249 396.28149 396.20801 396.13855 396.0715 396.00507 395.93207 395.8681 395.8031 395.7356 395.67761 395.6131 395.54712 395.48712 395.4346 395.3876 395.3526 395.30359 395.2601 395.2171 395.17261 395.12463 395.02264 394.95065 394.92419 394.89069 394.84918 394.8132 394.7807 394.75519 394.72272 394.6777 394.63672 394.60168 394.5372 394.4082
-9999 -9999 -9999 -9999 -9999 400.2706 400.03717 399.79572 399.51471 399.26575 399.03632 398.80731 398.5943 398.41229 398.2518 398.10883 397.98138 397.8754 397.76093 397.65588 397.55789 397.45889 397.36139 397.25842 397.14948 397.04102 396.935 396.828 396.72549 396.62903 396.53552 396.44849 396.358 396.26999 396.19598 396.12805 396.05402 395.99103 395.92706 395.86658 395.80511 395.73962 395.6731 395.60809 395.54462 395.48462 395.43909 395.3916 395.34558 395.3031 395.25409 395.20111 395.15009 395.10165 395.0307 394.95065 394.92822 394.88422 394.83972 394.79669 394.7627 394.73969 394.7052 394.66071 394.6232 394.57422 394.5127 394.37369
-9999 -9999 -9999 -9999 -9999 400.32761 400.08615 399.8382 399.5762 399.31226 399.07928 398.8378 398.61731 398.41028 398.2468 398.11432 397.98886 397.86441 397.7579 397.64789 397.5329 397.42792 397.32739 397.23441 397.13293 397.03101 396.92551 396.8205 396.7215 396.62549 396.53052 396.43549 396.3515 396.2655 396.1825 396.11658 396.04657 395.97354 395.91211 395.8566 395.79761 395.7341 395.66711 395.59909 395.53909 395.4841 395.43262 395.3891 395.34558 395.29059 395.2431 395.18707 395.1366 395.0831 395.01215 394.95563 394.91919 394.8822 394.83121 394.79071 394.75519 394.71771 394.67023 394.6217 394.5817 394.5097 394.42169 394.28522
-9999 -9999 -9999 -9999 -9999 400.37512 400.14368 399.87671 399.61218 399.37219 399.13925 398.8963 398.64429 398.4183 398.25037 398.11829 397.98938 397.85492 397.74542 397.6344 397.5224 397.40741 397.3154 397.21588 397.11844 397.0145 396.91052 396.80902 396.71149 396.61548 396.51501 396.4205 396.33801 396.25101 396.1705 396.10306 396.02856 395.95511 395.89011 395.83258 395.7821 395.72211 395.65359 395.5881 395.53461 395.48163 395.42761 395.38208 395.33759 395.28259 395.22412 395.15915 395.11163 395.0676 395.00421 394.95114 394.91016 394.8522 394.80573 394.76971 394.72919 394.6832 394.62219 394.57068 394.52069 394.4277 394.32123 394.1922
-9999 -9999 -9999 -9999 -9999 400.36066 400.12921 399.9032 399.67569 399.44769 399.21475 398.93829 398.66931 398.4433 398.2713 398.14532 397.99539 397.8609 397.73941 397.6264 397.5144 397.41089 397.30341 397.19696 397.09949 396.9975 396.89401 396.79251 396.69901 396.603 396.50702 396.41251 396.32001 396.2355 396.155 396.08398 396.01703 395.9436 395.85712 395.8121 395.76361 395.70361 395.63611 395.57813 395.5246 395.4736 395.42761 395.38208 395.33759 395.27609 395.20911 395.14417 395.08966 395.04517 394.98621 394.93314 394.88715 394.8367 394.79022 394.74219 394.69818 394.64722 394.58618 394.51169 394.44769 394.35471 394.25269 394.14825
-9999 -9999 -9999 -9999 -9999 400.36465 400.15118 399.9292 399.71069 399.4982 399.25818 398.97723 398.6998 398.47131 398.29779 398.16333 398.01941 397.8689 397.7489 397.63342 397.51141 397.39789 397.29089 397.17645 397.086 396.983 396.87799 396.7785 396.68451 396.5925 396.49902 396.401 396.3075 396.22101 396.14801 396.07205 396.0036 395.92661 395.84412 395.78809 395.75012 395.6861 395.62909 395.56961 395.52008 395.45959 395.4166 395.3811 395.3201 395.26361 395.20361 395.13214 395.07568 395.02368 394.96918 394.91321 394.87268 394.82568 394.7767 394.72522 394.67719 394.61823 394.5452 394.46271 394.3912 394.30267 394.21469 394.12073
-9999 -9999 -9999 -9999 -9999 400.40866 400.17816 399.95569 399.7457 399.52472 399.2767 399.00525 398.7338 398.51031 398.31729 398.1774 398.0159 397.8934 397.77191 397.6319 397.5014 397.3844 397.26691 397.16699 397.07199 396.9715 396.87 396.76752 396.67349 396.58002 396.48749 396.392 396.29749 396.21301 396.14206 396.06854 395.99457 395.9176 395.84558 395.79611 395.73608 395.67859 395.62061 395.56909 395.5061 395.45059 395.40662 395.35809 395.3056 395.25409 395.18262 395.12372 395.06671 395.01166 394.95313 394.9017 394.85571 394.81219 394.75671 394.7067 394.64471 394.57471 394.51221 394.4292 394.35217 394.26971 394.1882 394.10931
-9999 -9999 -9999 -9999 -9999 400.4491 400.21469 399.98669 399.76971 399.54773 399.3277 399.04825 398.79431 398.54681 398.34137 398.18884 398.04691 397.92493 397.78491 397.64191 397.50641 397.37939 397.26245 397.16547 397.06195 396.96051 396.85498 396.75598 396.65552 396.565 396.4765 396.379 396.28302 396.20258 396.13306 396.05853 395.9841 395.91058 395.84662 395.78412 395.7236 395.66711 395.61459 395.5571 395.49261 395.44208 395.38812 395.34058 395.29413 395.22659 395.16766 395.10767 395.0451 394.99414 394.94019 394.88672 394.83771 394.78668 394.72821 394.67621 394.60718 394.5397 394.46719 394.3942 394.3262 394.24371 394.17075 394.10025
-9999 -9999 -9999 -9999 -9999 400.4971 400.25369 400.0112 399.79718 399.60971 399.37677 399.11624 398.84229 398.59229 398.3743 398.21729 398.0769 397.9444 397.8074 397.65839 397.50641 397.37039 397.26044 397.15247 397.04846 396.9455 396.8465 396.74451 396.646 396.552 396.46149 396.3685 396.27252 396.18762 396.11261 396.03711 395.9696 395.89612 395.83008 395.76611 395.70361 395.65311 395.60712 395.54559 395.48511 395.43158 395.37811 395.33112 395.2771 395.21808 395.15164 395.08865 395.02664 394.97321 394.9202 394.86572 394.81519 394.7587 394.7002 394.6507 394.58868 394.50671 394.43671 394.37921 394.30521 394.22827 394.15973 394.0932
