Zurich/swissbathy3d_zuerichsee_2056_5728.esriasciigrid/swissBATHY3D_CHLV95_LN02_2704_1232.asc
ncols 121
nrows 1000
xllcorner 2704000
yllcorner 1232000
cellsize 1
nodata_value -9999
[rows 504 to 531 of 1000, columns 0 to 63 of 121]
398.58337 398.58591 398.5994 398.62039 398.62439 398.63641 398.6369 398.6524 398.66791 398.6799 398.6734 398.68188 398.69238 398.70288 398.70291 398.71088 398.71591 398.72888 398.74438 398.77441 398.7919 398.8064 398.8179 398.83643 398.86139 398.86737 398.87939 398.89941 398.91388 398.94189 398.96588 398.99438 399.00989 399.03192 399.05341 399.06641 399.07788 399.09039 399.09991 399.10638 399.1319 399.14642 399.15588 399.17441 399.20239 399.2189 399.2124 399.2319 399.24237 399.25391 399.2659 399.26941 399.29041 399.3089 399.30991 399.30792 399.3194 399.3399 399.3609 399.3829 399.3949 399.41241 399.43188 399.45288
398.57538 398.5834 398.58643 398.60791 398.61841 398.63092 398.64392 398.6524 398.66492 398.6759 398.6749 398.67688 398.68491 398.69592 398.6969 398.70642 398.71942 398.72742 398.75092 398.76788 398.78491 398.79889 398.81689 398.83893 398.86139 398.87241 398.88739 398.88641 398.90439 398.9259 398.9559 398.96991 398.99292 399.01392 399.03442 399.0589 399.07739 399.09241 399.09891 399.11591 399.1264 399.1369 399.14392 399.16742 399.17792 399.20239 399.21191 399.22339 399.23541 399.2569 399.2684 399.27789 399.29291 399.3089 399.31488 399.31592 399.32541 399.3429 399.36639 399.36792 399.38287 399.40338 399.42938 399.45239
398.56842 398.5654 398.5809 398.59991 398.61292 398.61188 398.62842 398.65741 398.66791 398.6759 398.67191 398.67691 398.68591 398.6994 398.70538 398.7164 398.7204 398.74341 398.75488 398.76141 398.77588 398.79688 398.81891 398.8429 398.85941 398.87491 398.87689 398.88739 398.90491 398.92691 398.93793 398.94788 398.96692 398.99188 399.02341 399.07739 399.09839 399.10291 399.09641 399.11041 399.12988 399.1459 399.1474 399.14789 399.17139 399.19092 399.21341 399.22589 399.24188 399.24991 399.26892 399.28589 399.29541 399.30539 399.3129 399.3194 399.33337 399.34491 399.3414 399.3559 399.37689 399.40088 399.42938 399.4549
398.54889 398.55539 398.57089 398.58539 398.60638 398.60541 398.6214 398.65039 398.66089 398.66638 398.66888 398.67389 398.67743 398.7034 398.70941 398.72189 398.7204 398.74341 398.76089 398.76691 398.7814 398.79089 398.82239 398.84692 398.86243 398.8584 398.8764 398.8884 398.90692 398.92542 398.92841 398.94141 398.95441 398.98389 399.03241 399.0679 399.09589 399.0719 399.0849 399.10638 399.1329 399.1434 399.14539 399.1564 399.16791 399.18491 399.20642 399.21289 399.22141 399.24741 399.2594 399.2739 399.29791 399.3009 399.31293 399.3194 399.32788 399.33191 399.34442 399.35687 399.38391 399.40588 399.43042 399.44391
398.54941 398.55292 398.5629 398.56989 398.58838 398.6004 398.61139 398.6304 398.62091 398.65839 398.66492 398.6684 398.68341 398.69641 398.70837 398.7244 398.7294 398.73239 398.75989 398.77191 398.7774 398.79639 398.82391 398.84991 398.8609 398.8584 398.87091 398.88788 398.9024 398.91638 398.9314 398.93491 398.94189 398.96588 398.9859 399.0199 399.05939 399.06592 399.06592 399.0979 399.1174 399.13791 399.14392 399.1524 399.15891 399.17542 399.18939 399.18491 399.2189 399.24091 399.24292 399.27139 399.29492 399.29791 399.31042 399.31384 399.3244 399.33685 399.35089 399.3623 399.38287 399.40036 399.41736 399.43488
398.53491 398.55542 398.55792 398.57141 398.58441 398.5994 398.61041 398.59888 398.63089 398.64441 398.64941 398.6669 398.68091 398.69089 398.71091 398.72638 398.73187 398.7439 398.76941 398.7684 398.77441 398.79388 398.8259 398.83691 398.8479 398.8609 398.87042 398.88489 398.89539 398.90839 398.91589 398.92441 398.93439 398.9519 398.97638 398.99039 399.01089 399.03839 399.05341 399.0784 399.0899 399.10339 399.13141 399.13989 399.1539 399.16086 399.17633 399.17535 399.20984 399.23993 399.2439 399.2594 399.27936 399.30292 399.30084 399.31186 399.31885 399.33136 399.33984 399.35831 399.38135 399.39685 399.40781 399.4278
398.54089 398.56543 398.55191 398.5694 398.5784 398.58691 398.6069 398.61188 398.6264 398.63342 398.64941 398.67041 398.68539 398.69788 398.71039 398.7399 398.76489 398.7579 398.7644 398.7619 398.76392 398.78241 398.80792 398.81891 398.8414 398.84991 398.86188 398.87988 398.8934 398.89441 398.8999 398.9169 398.9324 398.95142 398.97137 398.9924 398.99591 399.01636 399.04135 399.0524 399.06091 399.09192 399.11389 399.13239 399.14539 399.15942 399.17084 399.19678 399.22437 399.23883 399.25482 399.26379 399.27631 399.2868 399.29581 399.28836 399.30042 399.33386 399.34131 399.35489 399.36237 399.38431 399.40179 399.42432
398.5289 398.55939 398.56891 398.56342 398.57639 398.57941 398.5849 398.6019 398.6174 398.63593 398.64789 398.65891 398.68341 398.69589 398.69891 398.7139 398.74188 398.75891 398.75641 398.75189 398.75592 398.78888 398.80292 398.8114 398.8324 398.84589 398.85989 398.87689 398.88541 398.88989 398.89691 398.90442 398.92291 398.9364 398.95834 398.98434 398.98834 399.02435 399.03986 399.05786 399.07086 399.0899 399.09836 399.11789 399.13135 399.13892 399.16534 399.19183 399.20685 399.21234 399.24384 399.27332 399.2713 399.2793 399.28281 399.28479 399.27832 399.32031 399.33636 399.34937 399.35986 399.37183 399.39227 399.41986
398.52338 398.54688 398.54938 398.55988 398.5704 398.5864 398.58838 398.6069 398.61591 398.62689 398.6384 398.64838 398.66541 398.6879 398.69641 398.69589 398.7179 398.73242 398.73541 398.74789 398.75092 398.7764 398.78641 398.80084 398.82285 398.83789 398.84991 398.86487 398.87891 398.88489 398.88989 398.90192 398.91086 398.92584 398.94641 398.96991 398.99939 399.01685 399.0459 399.05286 399.0654 399.07733 399.08585 399.10382 399.10986 399.12534 399.14886 399.16986 399.17584 399.19879 399.19931 399.22882 399.25284 399.26035 399.27728 399.27881 399.28629 399.30029 399.3208 399.33478 399.3598 399.37079 399.3873 399.41431
398.52441 398.53589 398.53839 398.55139 398.56091 398.5769 398.5864 398.60388 398.61292 398.6239 398.6369 398.64691 398.6499 398.66888 398.6774 398.6969 398.70239 398.71692 398.73138 398.74734 398.75037 398.75592 398.7739 398.78833 398.80536 398.82037 398.83386 398.84586 398.8674 398.87939 398.8844 398.90091 398.90436 398.91986 398.94592 398.96942 398.9874 399.01285 399.0304 399.03986 399.0524 399.07037 399.07129 399.08429 399.10785 399.12335 399.1373 399.15234 399.16586 399.19135 399.19183 399.2153 399.24133 399.24985 399.26581 399.26727 399.2728 399.28931 399.30731 399.33081 399.35577 399.37329 399.3783 399.40082
398.51239 398.52087 398.5264 398.5484 398.55939 398.57141 398.5874 398.5979 398.61139 398.62488 398.64288 398.65588 398.65091 398.65942 398.6669 398.69635 398.71585 398.7164 398.72086 398.7413 398.74689 398.7464 398.7594 398.77985 398.79684 398.81586 398.82581 398.83142 398.84741 398.86884 398.88235 398.8949 398.91086 398.92236 398.94736 398.9599 398.9834 399.00732 399.00491 399.0199 399.04034 399.0509 399.06378 399.07935 399.09839 399.11435 399.12631 399.14178 399.1683 399.18085 399.19232 399.21332 399.23682 399.2478 399.25128 399.24182 399.2688 399.29382 399.30579 399.32678 399.34479 399.3703 399.38229 399.4028
398.49341 398.49741 398.51642 398.5274 398.5329 398.56091 398.57239 398.59387 398.61639 398.62537 398.63391 398.64441 398.63791 398.6554 398.67285 398.68781 398.71039 398.71338 398.72632 398.73434 398.74484 398.74091 398.75241 398.77234 398.7998 398.80536 398.81439 398.83441 398.85385 398.8558 398.8754 398.89386 398.90729 398.92081 398.93134 398.95483 398.97385 398.9863 398.99182 399.01685 399.02585 399.03979 399.05731 399.06885 399.08429 399.10229 399.1228 399.13879 399.16132 399.17029 399.1853 399.2038 399.22229 399.22931 399.23932 399.2493 399.27032 399.2998 399.30579 399.32678 399.34781 399.36481 399.3808 399.3978
398.47791 398.49438 398.5134 398.5119 398.52539 398.54541 398.56641 398.58783 398.6059 398.60779 398.6124 398.62891 398.63037 398.65234 398.66141 398.66431 398.6944 398.68988 398.7178 398.72931 398.74841 398.7504 398.75635 398.77429 398.78784 398.79886 398.81781 398.83185 398.83585 398.86084 398.8869 398.89731 398.8978 398.91281 398.93179 398.94785 398.96387 398.9653 398.99335 399.00885 399.01532 399.0318 399.04932 399.0538 399.07431 399.0943 399.1138 399.1398 399.1543 399.1608 399.17328 399.1973 399.20581 399.22479 399.2518 399.2413 399.26727 399.29279 399.30429 399.32281 399.3548 399.37079 399.37482 399.3858
398.46637 398.48737 398.51239 398.52789 398.53741 398.5329 398.53641 398.56384 398.59387 398.60736 398.61237 398.62036 398.62341 398.63733 398.65936 398.67636 398.68237 398.69086 398.69739 398.72437 398.73285 398.74786 398.75378 398.76929 398.78329 398.79736 398.80786 398.82684 398.85181 398.87189 398.88181 398.88379 398.89331 398.91132 398.92981 398.93579 398.96283 398.98029 398.98935 398.99481 399.01178 399.02081 399.03229 399.0433 399.06927 399.0918 399.11932 399.1283 399.13928 399.1503 399.1683 399.1868 399.2038 399.23828 399.2348 399.24481 399.26782 399.27081 399.29129 399.32782 399.35779 399.36481 399.36829 399.37381
398.46582 398.49292 398.5014 398.51538 398.51981 398.52783 398.52692 398.56238 398.58032 398.59332 398.60938 398.61987 398.62036 398.64435 398.65781 398.67081 398.6868 398.69431 398.70636 398.71478 398.72131 398.73431 398.74982 398.76428 398.77881 398.79736 398.80984 398.83032 398.84381 398.85684 398.8768 398.87579 398.88629 398.9003 398.91681 398.93179 398.96231 398.96729 398.9718 398.97729 398.99829 399.00629 399.02728 399.05182 399.06879 399.0838 399.0993 399.11328 399.1358 399.14282 399.15631 399.1788 399.19983 399.20831 399.2258 399.23331 399.24579 399.27032 399.28632 399.31232 399.33731 399.36578 399.37079 399.3858
398.46179 398.47888 398.4874 398.50134 398.50879 398.51685 398.52539 398.53784 398.55579 398.57782 398.59735 398.60785 398.62131 398.64035 398.65381 398.66528 398.68378 398.69128 398.70282 398.71478 398.72131 398.73029 398.74731 398.76178 398.7713 398.78381 398.80328 398.82181 398.83533 398.8558 398.87128 398.87579 398.8873 398.90131 398.90381 398.9238 398.94128 398.95129 398.95831 398.96478 398.98279 399.00232 399.02728 399.0498 399.05933 399.07532 399.0853 399.09781 399.1203 399.1348 399.15833 399.17181 399.1983 399.20581 399.20831 399.22681 399.23578 399.2623 399.2843 399.30579 399.32581 399.34631 399.3728 399.38031
398.46088 398.47635 398.48636 398.49438 398.50385 398.49585 398.51733 398.52734 398.55185 398.5708 398.58533 398.5983 398.61682 398.63232 398.64331 398.65829 398.67279 398.6813 398.69232 398.7063 398.71585 398.72736 398.74429 398.7583 398.7728 398.78229 398.79828 398.81378 398.83179 398.84332 398.85779 398.8743 398.8923 398.89581 398.90881 398.90881 398.92981 398.94482 398.9498 398.96631 398.98181 399.00378 399.01178 399.02332 399.03979 399.06531 399.07483 399.0903 399.10779 399.12927 399.15527 399.17929 399.18579 399.18878 399.2128 399.2338 399.24231 399.25079 399.27179 399.29028 399.3028 399.3353 399.35431 399.36932
398.45581 398.46533 398.47031 398.48535 398.48236 398.47836 398.50989 398.53082 398.54779 398.57031 398.57928 398.58881 398.60382 398.61578 398.63181 398.6478 398.66132 398.67529 398.6853 398.7038 398.71332 398.72479 398.74231 398.75128 398.75729 398.7728 398.79181 398.80731 398.8233 398.83929 398.85931 398.8783 398.88733 398.9028 398.91132 398.9288 398.9408 398.9473 398.94879 398.9588 398.97278 399.00079 399.01581 399.01727 399.03979 399.06329 399.08032 399.0903 399.10028 399.1218 399.14429 399.16479 399.17078 399.19379 399.20282 399.21082 399.2283 399.24579 399.26532 399.27481 399.2948 399.31729 399.33179 399.3588
398.44031 398.45483 398.46631 398.4848 398.4888 398.50281 398.50934 398.53629 398.5448 398.55881 398.56079 398.5708 398.58582 398.6048 398.62482 398.64081 398.65228 398.6683 398.68079 398.69281 398.70181 398.71332 398.73529 398.74628 398.75781 398.76929 398.78528 398.80078 398.82678 398.84882 398.85681 398.86829 398.88281 398.89279 398.90082 398.91882 398.94531 398.93878 398.9483 398.96829 398.98129 399.00729 399.01031 399.0188 399.04129 399.05231 399.0643 399.0733 399.0968 399.11578 399.13177 399.14929 399.16879 399.1813 399.18781 399.19879 399.21832 399.23633 399.25031 399.27832 399.29581 399.3093 399.33081 399.36829
398.4548 398.45831 398.47882 398.47931 398.4888 398.48932 398.51428 398.5368 398.54379 398.5513 398.54779 398.55682 398.58582 398.60681 398.6098 398.63431 398.64532 398.65179 398.67181 398.6828 398.69031 398.7063 398.72879 398.74231 398.75781 398.76929 398.78479 398.80029 398.82629 398.8418 398.84979 398.8638 398.87878 398.88129 398.9068 398.9248 398.93481 398.93579 398.94479 398.9613 398.9743 398.98431 399.00131 399.01379 399.03027 399.04129 399.0513 399.0723 399.08929 399.09631 399.1123 399.1413 399.15579 399.17432 399.18381 399.19482 399.21381 399.23132 399.25079 399.27179 399.28931 399.30829 399.32532 399.35129
398.44879 398.46381 398.47681 398.4823 398.47079 398.48029 398.5058 398.51929 398.52979 398.53729 398.54028 398.56479 398.59631 398.5918 398.5993 398.6188 398.63678 398.6503 398.66132 398.67383 398.68329 398.69879 398.71631 398.72879 398.74829 398.76282 398.77728 398.79129 398.8143 398.8248 398.84528 398.8558 398.87231 398.88129 398.8963 398.92529 398.93127 398.9288 398.94678 398.95029 398.9628 398.9693 398.9888 399.00232 399.01978 399.0423 399.04529 399.06927 399.08881 399.08478 399.10681 399.13379 399.15131 399.16132 399.1788 399.19479 399.22031 399.2363 399.25128 399.27429 399.29932 399.3038 399.31931 399.3378
398.45032 398.4548 398.4678 398.46582 398.46729 398.47681 398.48132 398.49881 398.50931 398.52832 398.54279 398.56729 398.56128 398.56628 398.57379 398.59082 398.6138 398.62732 398.65381 398.6698 398.67929 398.69928 398.70779 398.72229 398.73383 398.7493 398.7663 398.77979 398.7998 398.82428 398.84479 398.8493 398.86078 398.8718 398.88782 398.91479 398.91528 398.9343 398.94229 398.9418 398.95279 398.9693 398.98529 398.99829 399.01978 399.0343 399.04279 399.0878 399.10132 399.0918 399.1048 399.10278 399.1358 399.15131 399.1803 399.19482 399.21478 399.24078 399.25879 399.2858 399.29028 399.30078 399.31628 399.33728
398.4343 398.44781 398.44379 398.44733 398.4538 398.46582 398.47729 398.48682 398.4993 398.51331 398.5318 398.54379 398.54529 398.5448 398.5708 398.5903 398.60278 398.61682 398.65131 398.67078 398.6738 398.6908 398.70477 398.72083 398.73431 398.74329 398.7648 398.77679 398.7988 398.82928 398.83679 398.83881 398.8493 398.86328 398.88229 398.89679 398.91229 398.92929 398.9278 398.9473 398.95581 398.95929 398.97778 398.99731 399.0148 399.01929 399.05328 399.0928 399.09229 399.08829 399.08429 399.10132 399.12231 399.1528 399.16281 399.1843 399.20279 399.2233 399.25729 399.26981 399.28479 399.31232 399.3288 399.34531
398.41379 398.4183 398.42731 398.43182 398.44531 398.46082 398.47632 398.48981 398.50031 398.50879 398.52631 398.53381 398.54132 398.55429 398.57779 398.58929 398.59882 398.6308 398.64929 398.66028 398.6713 398.6828 398.69681 398.70731 398.71832 398.74182 398.7543 398.7738 398.7908 398.81931 398.8288 398.82779 398.83929 398.85529 398.8728 398.8858 398.90329 398.91431 398.93579 398.94931 398.9433 398.96381 398.97031 398.9838 398.99579 399.01331 399.04279 399.0578 399.07428 399.0918 399.0993 399.1228 399.12979 399.14331 399.1568 399.17529 399.19629 399.22028 399.2388 399.25479 399.2728 399.30231 399.32379 399.3248
398.3913 398.40381 398.41382 398.42279 398.43579 398.4538 398.47479 398.4863 398.49078 398.50031 398.52081 398.53131 398.5303 398.55481 398.5733 398.59631 398.59531 398.6113 398.63831 398.66132 398.65729 398.65781 398.66528 398.67828 398.71231 398.7323 398.74179 398.7608 398.76929 398.79529 398.81329 398.8183 398.83029 398.85431 398.86981 398.87781 398.89728 398.91278 398.92682 398.94482 398.9538 398.96729 398.96979 398.98682 398.99481 399.0018 399.0163 399.03528 399.05829 399.0748 399.10629 399.1228 399.12729 399.1438 399.1543 399.17929 399.1973 399.20929 399.22681 399.23529 399.26581 399.28027 399.30981 399.3208
398.38229 398.39978 398.41278 398.4183 398.4313 398.44479 398.46283 398.47681 398.48779 398.49982 398.51929 398.53479 398.53882 398.55328 398.57129 398.5863 398.5903 398.60031 398.6163 398.64731 398.64532 398.64178 398.64679 398.66431 398.69482 398.71381 398.72729 398.74579 398.7598 398.77478 398.79379 398.8093 398.82831 398.84531 398.8573 398.87079 398.88129 398.9108 398.93231 398.9368 398.94482 398.9588 398.9733 398.9873 398.99631 399.01129 399.01428 399.03528 399.05481 399.06131 399.07129 399.09332 399.11627 399.13428 399.1488 399.17731 399.19379 399.20581 399.21582 399.2283 399.25681 399.28278 399.30231 399.31931
398.3783 398.38928 398.40179 398.4133 398.4303 398.44427 398.46082 398.47278 398.4873 398.50128 398.51379 398.52728 398.53729 398.54431 398.55429 398.57379 398.5918 398.60278 398.61829 398.6113 398.62482 398.63031 398.64832 398.6683 398.67929 398.6908 398.71429 398.7323 398.74579 398.75681 398.79382 398.8143 398.8353 398.8443 398.84329 398.85229 398.8793 398.91528 398.92929 398.93231 398.9288 398.94678 398.9743 398.9838 398.9993 398.99982 399.01282 399.03329 399.04529 399.05679 399.0723 399.09079 399.10181 399.11328 399.13782 399.15582 399.18182 399.20679 399.21881 399.2453 399.25128 399.27179 399.29578 399.31232
398.3688 398.38831 398.40079 398.40979 398.42432 398.43829 398.45178 398.4483 398.4628 398.49231 398.5033 398.51678 398.54129 398.5358 398.54578 398.56879 398.5788 398.58978 398.58978 398.59528 398.6088 398.63428 398.6478 398.66431 398.67328 398.6738 398.69629 398.71478 398.7193 398.74683 398.77032 398.80579 398.8168 398.8313 398.8403 398.85632 398.88281 398.9198 398.92081 398.92279 398.92828 398.93481 398.95978 398.98529 398.99878 398.99579 399.00931 399.02631 399.0423 399.0433 399.0538 399.08582 399.09082 399.1153 399.13281 399.14032 399.16281 399.18878 399.21674 399.22729 399.2453 399.26678 399.2908 399.30576
