Zurich/swissbathy3d_zuerichsee_2056_5728.esriasciigrid/swissBATHY3D_CHLV95_LN02_2704_1231.asc
ncols 121
nrows 1000
xllcorner 2704000
yllcorner 1231000
cellsize 1
nodata_value -9999
[rows 204 to 237 of 1000, columns 0 to 76 of 121]
398.61212 398.60559 398.6076 398.60559 398.6076 398.61411 398.60861 398.63708 398.64609 398.63812 398.64362 398.63809 398.6431 398.63708 398.64059 398.64761 398.65161 398.65009 398.65359 398.65112 398.64612 398.65311 398.65363 398.65509 398.65509 398.6626 398.6756 398.67859 398.68011 398.69012 398.69409 398.70209 398.7131 398.71112 398.70859 398.7251 398.73059 398.7226 398.74609 398.75659 398.7666 398.77609 398.77911 398.7756 398.78412 398.79016 398.79565 398.79761 398.81659 398.82208 398.83911 398.83609 398.83313 398.85413 398.85858 398.86462 398.8631 398.87659 398.88513 398.89465 398.90259 398.90814 398.91315 398.91809 398.92661 398.93311 398.94012 398.9472 -9999 -9999 -9999 -9999 -9999 -9999 -9999 -9999 -9999
398.60461 398.6076 398.6051 398.60211 398.61108 398.62961 398.63861 398.63611 398.64209 398.64209 398.64209 398.64362 398.64362 398.64261 398.64761 398.65411 398.64862 398.65161 398.65759 398.65509 398.64362 398.64612 398.6456 398.6521 398.65662 398.65759 398.66858 398.6806 398.68561 398.6926 398.70209 398.7066 398.70911 398.71613 398.7226 398.73761 398.7326 398.72211 398.74512 398.75909 398.76111 398.77112 398.78058 398.78058 398.78809 398.79761 398.79608 398.78912 398.82062 398.83911 398.83258 398.83362 398.83411 398.8551 398.86609 398.86713 398.86359 398.88013 398.88763 398.89359 398.90414 398.90564 398.91766 398.92212 398.9281 398.93561 398.94012 -9999 -9999 -9999 -9999 -9999 -9999 -9999 -9999 -9999 -9999
398.60959 398.60712 398.60461 398.61407 398.62061 398.6391 398.63861 398.6326 398.63861 398.64011 398.6456 398.64709 398.64911 398.6496 398.6546 398.6521 398.65509 398.65811 398.65411 398.6546 398.6431 398.6441 398.6496 398.65259 398.6571 398.65509 398.6691 398.6731 398.68158 398.6886 398.7066 398.70761 398.7131 398.72559 398.73358 398.7366 398.74408 398.72659 398.73859 398.75659 398.7616 398.76862 398.77411 398.7811 398.79059 398.7926 398.78711 398.80011 398.82861 398.8371 398.8316 398.82611 398.83661 398.85712 398.86761 398.86459 398.8761 398.87909 398.88361 398.8916 398.89807 398.9086 398.91663 398.9231 398.92911 398.9306 -9999 -9999 -9999 -9999 -9999 -9999 -9999 -9999 -9999 -9999 -9999
398.6091 398.61108 398.61462 398.61859 398.62561 398.62061 398.62259 398.62659 398.6391 398.64362 398.64258 398.64209 398.64111 398.64758 398.6441 398.6521 398.65613 398.65509 398.64911 398.64362 398.65308 398.65259 398.65561 398.65662 398.6546 398.66559 398.67511 398.67358 398.67911 398.70261 398.70709 398.7081 398.7226 398.72858 398.73959 398.7496 398.74512 398.7276 398.75061 398.75861 398.7666 398.77612 398.7861 398.78308 398.7901 398.79462 398.81012 398.81909 398.82709 398.82159 398.82709 398.8371 398.84259 398.84711 398.8551 398.87109 398.8801 398.88062 398.8866 398.8916 398.90109 398.91611 398.9201 398.92358 398.92712 398.93909 -9999 -9999 -9999 -9999 -9999 -9999 -9999 -9999 -9999 -9999 -9999
398.61359 398.6156 398.62161 398.61859 398.6106 398.6041 398.6171 398.62958 398.6376 398.63312 398.63312 398.63708 398.63562 398.6366 398.63861 398.65161 398.65558 398.64459 398.64258 398.65662 398.65259 398.65662 398.6611 398.6651 398.67212 398.67911 398.68658 398.6976 398.70862 398.70361 398.70959 398.72659 398.72858 398.74158 398.74811 398.74661 398.7471 398.75311 398.75259 398.74762 398.7746 398.7886 398.78461 398.7916 398.79358 398.80261 398.81461 398.8201 398.82111 398.83411 398.83112 398.8421 398.84558 398.85059 398.86411 398.8736 398.87512 398.87759 398.8891 398.89758 398.9086 398.9201 398.9216 398.92212 398.93658 -9999 -9999 -9999 -9999 -9999 -9999 -9999 -9999 -9999 -9999 -9999 -9999
398.6116 398.6091 398.61359 398.61108 398.60712 398.6011 398.61212 398.61908 398.6261 398.62561 398.6261 398.63361 398.63361 398.63959 398.64209 398.6431 398.65808 398.65161 398.65259 398.65811 398.65411 398.66107 398.65961 398.66858 398.67059 398.68262 398.69012 398.70309 398.71359 398.70758 398.71259 398.7261 398.73459 398.74109 398.74561 398.7486 398.75311 398.75461 398.75009 398.7486 398.77008 398.78461 398.79059 398.7966 398.7951 398.7991 398.80908 398.8161 398.82809 398.8356 398.8371 398.84711 398.85159 398.8566 398.85962 398.86761 398.87408 398.88409 398.89911 398.90359 398.9126 398.92511 398.92511 398.9166 -9999 -9999 -9999 -9999 -9999 -9999 -9999 -9999 -9999 -9999 -9999 -9999 -9999
398.6076 398.6051 398.6066 398.6026 398.60361 398.59509 398.60309 398.60608 398.61209 398.62311 398.62909 398.63062 398.63708 398.64059 398.6521 398.65359 398.6586 398.65411 398.6506 398.65311 398.66309 398.66711 398.66409 398.66611 398.66861 398.67261 398.68161 398.6886 398.70111 398.71359 398.70959 398.71509 398.72559 398.74261 398.73761 398.7511 398.7551 398.75659 398.75861 398.76511 398.77759 398.78659 398.79712 398.7981 398.7981 398.8071 398.81158 398.8186 398.8266 398.83112 398.84009 398.84857 398.8541 398.85809 398.85809 398.8696 398.87958 398.8916 398.90161 398.91461 398.91858 398.92859 398.92261 -9999 -9999 -9999 -9999 -9999 -9999 -9999 -9999 -9999 -9999 -9999 -9999 -9999 -9999
398.60461 398.60663 398.60211 398.60211 398.58209 398.58459 398.59909 398.60559 398.61108 398.62311 398.62909 398.63208 398.63507 398.6456 398.6521 398.65808 398.65662 398.6561 398.65161 398.65259 398.66409 398.67709 398.67111 398.67661 398.68262 398.68109 398.6846 398.70459 398.7186 398.70911 398.7171 398.72009 398.72009 398.7291 398.72711 398.7326 398.74609 398.77258 398.7706 398.76508 398.77209 398.79059 398.80109 398.7966 398.80261 398.81158 398.82062 398.82312 398.8241 398.83359 398.84711 398.85358 398.85159 398.85559 398.87012 398.8811 398.88757 398.8931 398.90759 398.91809 398.9176 398.92462 -9999 -9999 -9999 -9999 -9999 -9999 -9999 -9999 -9999 -9999 -9999 -9999 -9999 -9999 -9999
398.59912 398.60309 398.5986 398.5946 398.5946 398.59711 398.60309 398.6091 398.61459 398.61908 398.6286 398.63159 398.63208 398.64661 398.65308 398.65259 398.6586 398.65808 398.65411 398.66058 398.67212 398.6756 398.6741 398.68109 398.6846 398.68512 398.69263 398.70761 398.7041 398.70709 398.71362 398.72308 398.72559 398.72211 398.73059 398.74408 398.75861 398.76758 398.76508 398.77859 398.78058 398.7876 398.79059 398.79462 398.80212 398.81061 398.82062 398.82211 398.83008 398.83759 398.84009 398.84711 398.85309 398.8631 398.87158 398.88611 398.89008 398.8981 398.90411 398.90662 398.91162 -9999 -9999 -9999 -9999 -9999 -9999 -9999 -9999 -9999 -9999 -9999 -9999 -9999 -9999 -9999 -9999
398.59311 398.59412 398.58807 398.59058 398.59961 398.60559 398.6106 398.6116 398.61713 398.6246 398.63208 398.63458 398.63409 398.64258 398.64258 398.65411 398.6586 398.6676 398.65912 398.6601 398.66559 398.6716 398.6756 398.67859 398.6846 398.68512 398.68811 398.6976 398.70258 398.7106 398.7171 398.72009 398.73108 398.73361 398.72961 398.7431 398.75708 398.75409 398.77008 398.78711 398.78909 398.78809 398.78662 398.78909 398.8031 398.81158 398.81461 398.82159 398.83008 398.8381 398.84061 398.84561 398.8631 398.87012 398.87061 398.8851 398.89609 398.90161 398.90009 398.9061 -9999 -9999 -9999 -9999 -9999 -9999 -9999 -9999 -9999 -9999 -9999 -9999 -9999 -9999 -9999 -9999 -9999
398.5921 398.59409 398.59811 398.60059 398.59662 398.59711 398.6076 398.61359 398.62408 398.62811 398.63159 398.63361 398.63208 398.63559 398.6521 398.6626 398.66809 398.66962 398.65613 398.6611 398.66711 398.67712 398.67661 398.67859 398.68158 398.68512 398.69012 398.6991 398.7066 398.7121 398.71558 398.72058 398.73059 398.74011 398.73309 398.7316 398.75208 398.75659 398.76959 398.78308 398.78412 398.78857 398.79309 398.79309 398.8046 398.8111 398.81461 398.82208 398.82959 398.8381 398.8396 398.8526 398.86511 398.87561 398.88461 398.88708 398.89459 398.8981 398.89911 -9999 -9999 -9999 -9999 -9999 -9999 -9999 -9999 -9999 -9999 -9999 -9999 -9999 -9999 -9999 -9999 -9999 -9999
398.58911 398.59308 398.5946 398.6011 398.59509 398.5921 398.60608 398.61459 398.6221 398.62561 398.63159 398.63861 398.63562 398.63959 398.6521 398.6636 398.66711 398.66309 398.6586 398.66809 398.67108 398.68359 398.68011 398.6796 398.67908 398.6821 398.69159 398.70459 398.7106 398.7131 398.71558 398.72461 398.73108 398.73712 398.7341 398.74408 398.7601 398.76309 398.77161 398.77411 398.7836 398.79163 398.78311 398.7861 398.79559 398.80511 398.81009 398.82709 398.83258 398.83759 398.84961 398.85962 398.86261 398.88013 398.89008 398.8876 398.89011 398.8891 -9999 -9999 -9999 -9999 -9999 -9999 -9999 -9999 -9999 -9999 -9999 -9999 -9999 -9999 -9999 -9999 -9999 -9999 -9999
398.5921 398.59308 398.5961 398.59109 398.59412 398.60309 398.6011 398.6156 398.62012 398.6261 398.63208 398.6326 398.64612 398.64511 398.65009 398.66162 398.66962 398.6561 398.6546 398.66211 398.67761 398.68262 398.6871 398.68658 398.67761 398.68658 398.6951 398.70313 398.7121 398.71509 398.72058 398.7276 398.7316 398.74213 398.7431 398.75861 398.76459 398.76361 398.76611 398.76959 398.7811 398.78412 398.7796 398.77609 398.77509 398.7926 398.8186 398.82959 398.8316 398.83759 398.85358 398.85809 398.86661 398.8761 398.88062 398.8916 398.89661 -9999 -9999 -9999 -9999 -9999 -9999 -9999 -9999 -9999 -9999 -9999 -9999 -9999 -9999 -9999 -9999 -9999 -9999 -9999 -9999
398.58911 398.59308 398.6076 398.60309 398.60461 398.60959 398.6131 398.61661 398.62158 398.63309 398.63208 398.63208 398.64209 398.64758 398.64911 398.6586 398.65961 398.6626 398.6571 398.6586 398.66461 398.6806 398.68561 398.6871 398.68158 398.68762 398.69263 398.70313 398.70911 398.71558 398.7211 398.72711 398.74213 398.76111 398.75861 398.75812 398.75812 398.76059 398.76361 398.77411 398.78961 398.79059 398.77307 398.76611 398.7836 398.7981 398.81259 398.8226 398.8331 398.8461 398.86011 398.8681 398.86661 398.8736 398.87958 -9999 -9999 -9999 -9999 -9999 -9999 -9999 -9999 -9999 -9999 -9999 -9999 -9999 -9999 -9999 -9999 -9999 -9999 -9999 -9999 -9999 -9999
398.5806 398.57959 398.59412 398.6091 398.6001 398.6051 398.61761 398.6301 398.63507 398.64059 398.6366 398.6366 398.64011 398.64209 398.64362 398.65259 398.6626 398.66559 398.6626 398.65561 398.66162 398.66858 398.6731 398.67459 398.68311 398.6846 398.69012 398.7041 398.7121 398.72559 398.72913 398.73709 398.7446 398.76709 398.76208 398.75909 398.75659 398.75861 398.77161 398.7771 398.78461 398.7861 398.78159 398.78058 398.78061 398.78259 398.79858 398.82562 398.83411 398.8486 398.85559 398.86661 398.87109 398.87158 -9999 -9999 -9999 -9999 -9999 -9999 -9999 -9999 -9999 -9999 -9999 -9999 -9999 -9999 -9999 -9999 -9999 -9999 -9999 -9999 -9999 -9999 -9999
398.58008 398.57758 398.59308 398.5936 398.59259 398.6011 398.60663 398.62408 398.63312 398.64209 398.64059 398.64261 398.65161 398.64911 398.64911 398.65359 398.6651 398.6571 398.6651 398.66061 398.66809 398.66959 398.67407 398.67609 398.6846 398.6821 398.68161 398.70111 398.71307 398.7226 398.73163 398.73608 398.74908 398.75861 398.7641 398.75861 398.75562 398.76559 398.7756 398.77609 398.7756 398.77509 398.77911 398.78162 398.78809 398.79211 398.80109 398.8241 398.8291 398.84308 398.85159 398.8576 398.8606 -9999 -9999 -9999 -9999 -9999 -9999 -9999 -9999 -9999 -9999 -9999 -9999 -9999 -9999 -9999 -9999 -9999 -9999 -9999 -9999 -9999 -9999 -9999 -9999
398.58609 398.58557 398.58759 398.5881 398.59509 398.6026 398.61212 398.6246 398.62961 398.63611 398.63611 398.6416 398.65259 398.65308 398.65311 398.6626 398.65509 398.65311 398.66309 398.66858 398.67358 398.68011 398.6781 398.67963 398.68707 398.69458 398.69708 398.70059 398.71008 398.71661 398.72961 398.7406 398.75159 398.76208 398.74561 398.75311 398.7666 398.77258 398.77411 398.77209 398.7691 398.77112 398.78259 398.79462 398.79608 398.80011 398.81012 398.81958 398.8306 398.84308 398.84161 -9999 -9999 -9999 -9999 -9999 -9999 -9999 -9999 -9999 -9999 -9999 -9999 -9999 -9999 -9999 -9999 -9999 -9999 -9999 -9999 -9999 -9999 -9999 -9999 -9999 -9999
398.5831 398.58359 398.58859 398.5896 398.58859 398.59308 398.6041 398.61911 398.62909 398.6326 398.63611 398.63959 398.64111 398.6496 398.65961 398.65359 398.65808 398.65662 398.66211 398.66962 398.68109 398.68213 398.68109 398.6821 398.69061 398.70261 398.7081 398.70859 398.71008 398.7236 398.73712 398.7486 398.7576 398.7616 398.77307 398.76309 398.76758 398.7706 398.7756 398.77759 398.7771 398.78009 398.78912 398.79309 398.7966 398.80511 398.81659 398.8201 398.83411 398.84259 -9999 -9999 -9999 -9999 -9999 -9999 -9999 -9999 -9999 -9999 -9999 -9999 -9999 -9999 -9999 -9999 -9999 -9999 -9999 -9999 -9999 -9999 -9999 -9999 -9999 -9999 -9999
398.57813 398.58112 398.58459 398.59509 398.59259 398.6091 398.62207 398.63208 398.62311 398.6351 398.64011 398.64758 398.65009 398.6571 398.64661 398.6571 398.65509 398.6571 398.66357 398.6716 398.6741 398.67911 398.6781 398.68811 398.69812 398.7041 398.7066 398.70862 398.7186 398.7341 398.74359 398.75562 398.76459 398.77109 398.76312 398.7706 398.76758 398.77509 398.7796 398.77811 398.78311 398.78311 398.78809 398.79559 398.80161 398.81158 398.81812 398.8226 -9999 -9999 -9999 -9999 -9999 -9999 -9999 -9999 -9999 -9999 -9999 -9999 -9999 -9999 -9999 -9999 -9999 -9999 -9999 -9999 -9999 -9999 -9999 -9999 -9999 -9999 -9999 -9999 -9999
398.5686 398.5741 398.59009 398.5961 398.60559 398.6026 398.62061 398.62408 398.6236 398.62762 398.64008 398.6481 398.65509 398.65961 398.65109 398.6496 398.64508 398.65558 398.66461 398.6636 398.66461 398.67111 398.6846 398.69312 398.69861 398.70459 398.70862 398.71509 398.7251 398.73911 398.7486 398.7601 398.76111 398.75861 398.7626 398.77008 398.77609 398.77859 398.7771 398.77209 398.7771 398.78412 398.7926 398.79858 398.80411 398.81409 398.81311 398.82062 -9999 -9999 -9999 -9999 -9999 -9999 -9999 -9999 -9999 -9999 -9999 -9999 -9999 -9999 -9999 -9999 -9999 -9999 -9999 -9999 -9999 -9999 -9999 -9999 -9999 -9999 -9999 -9999 -9999
398.5636 398.5741 398.59009 398.59711 398.59558 398.59259 398.60461 398.61359 398.6131 398.62561 398.63559 398.64362 398.6456 398.6571 398.64859 398.65009 398.6506 398.6611 398.66058 398.6626 398.6636 398.67511 398.6886 398.69009 398.69559 398.69708 398.71112 398.72058 398.72861 398.73959 398.7486 398.75812 398.76111 398.7536 398.76111 398.77359 398.77661 398.77359 398.77209 398.77307 398.78162 398.78659 398.7916 398.7981 398.8111 398.81909 398.8111 398.81509 -9999 -9999 -9999 -9999 -9999 -9999 -9999 -9999 -9999 -9999 -9999 -9999 -9999 -9999 -9999 -9999 -9999 -9999 -9999 -9999 -9999 -9999 -9999 -9999 -9999 -9999 -9999 -9999 -9999
398.57208 398.57611 398.5856 398.59412 398.59509 398.60809 398.61108 398.61011 398.60361 398.61359 398.63559 398.65109 398.64459 398.64911 398.65009 398.6561 398.6561 398.66409 398.6626 398.6626 398.6691 398.67511 398.68661 398.68909 398.69208 398.70612 398.70911 398.72009 398.7291 398.73657 398.7496 398.7601 398.7551 398.7536 398.77112 398.7731 398.77109 398.77258 398.77661 398.7771 398.77911 398.78009 398.79608 398.81061 398.81812 398.81812 398.82562 -9999 -9999 -9999 -9999 -9999 -9999 -9999 -9999 -9999 -9999 -9999 -9999 -9999 -9999 -9999 -9999 -9999 -9999 -9999 -9999 -9999 -9999 -9999 -9999 -9999 -9999 -9999 -9999 -9999 -9999
398.56659 398.57062 398.58209 398.59109 398.6001 398.60663 398.6076 398.6091 398.6131 398.62708 398.64459 398.6506 398.64459 398.63409 398.63708 398.64758 398.66159 398.66711 398.66962 398.67358 398.6781 398.68161 398.68509 398.6936 398.6991 398.70612 398.7196 398.7301 398.73309 398.74109 398.7496 398.7431 398.75159 398.76813 398.76959 398.77359 398.7811 398.7771 398.77008 398.77209 398.77808 398.7836 398.78711 398.79309 398.8071 398.81659 398.8226 -9999 -9999 -9999 -9999 -9999 -9999 -9999 -9999 -9999 -9999 -9999 -9999 -9999 -9999 -9999 -9999 -9999 -9999 -9999 -9999 -9999 -9999 -9999 -9999 -9999 -9999 -9999 -9999 -9999 -9999
398.56659 398.57361 398.58359 398.58359 398.60162 398.60861 398.61761 398.61411 398.6181 398.64008 398.6391 398.64911 398.64459 398.63861 398.64111 398.64758 398.65808 398.66309 398.67661 398.68161 398.68311 398.68359 398.68658 398.69211 398.70511 398.71609 398.7326 398.73712 398.74261 398.74109 398.74359 398.74762 398.7626 398.7666 398.77008 398.7746 398.77411 398.77411 398.7756 398.77759 398.77362 398.77411 398.78409 398.79059 398.8031 398.81458 -9999 -9999 -9999 -9999 -9999 -9999 -9999 -9999 -9999 -9999 -9999 -9999 -9999 -9999 -9999 -9999 -9999 -9999 -9999 -9999 -9999 -9999 -9999 -9999 -9999 -9999 -9999 -9999 -9999 -9999 -9999
398.56561 398.5766 398.58661 398.5871 398.59509 398.60361 398.61761 398.6196 398.62811 398.64008 398.6481 398.6441 398.64508 398.6441 398.6506 398.65259 398.65808 398.6611 398.66858 398.67859 398.68811 398.6926 398.69611 398.7016 398.7001 398.70209 398.7301 398.7381 398.74561 398.74658 398.74359 398.74512 398.7601 398.77161 398.7756 398.77509 398.77509 398.7796 398.77759 398.7796 398.77612 398.78162 398.78409 398.7861 398.79761 398.80609 -9999 -9999 -9999 -9999 -9999 -9999 -9999 -9999 -9999 -9999 -9999 -9999 -9999 -9999 -9999 -9999 -9999 -9999 -9999 -9999 -9999 -9999 -9999 -9999 -9999 -9999 -9999 -9999 -9999 -9999 -9999
398.56262 398.57361 398.57761 398.5816 398.58859 398.59161 398.6066 398.61462 398.63211 398.63959 398.64209 398.64807 398.64508 398.64612 398.6506 398.65662 398.65308 398.65411 398.6651 398.66711 398.67859 398.69012 398.70111 398.70911 398.70758 398.71259 398.72809 398.73361 398.73462 398.7421 398.7446 398.74359 398.75012 398.76758 398.7771 398.7821 398.7796 398.78558 398.77811 398.7851 398.77911 398.77759 398.7796 398.78162 398.78961 398.7811 -9999 -9999 -9999 -9999 -9999 -9999 -9999 -9999 -9999 -9999 -9999 -9999 -9999 -9999 -9999 -9999 -9999 -9999 -9999 -9999 -9999 -9999 -9999 -9999 -9999 -9999 -9999 -9999 -9999 -9999 -9999
398.55261 398.57562 398.57959 398.5816 398.58911 398.5921 398.59561 398.60559 398.62311 398.63562 398.64258 398.64859 398.6496 398.65112 398.65561 398.6611 398.65808 398.65912 398.66309 398.66461 398.67609 398.68411 398.6936 398.7016 398.71161 398.71509 398.7226 398.72809 398.7316 398.73859 398.7471 398.74512 398.75061 398.7666 398.77161 398.77859 398.7851 398.7851 398.78308 398.77411 398.7771 398.78412 398.78113 398.7836 398.7836 -9999 -9999 -9999 -9999 -9999 -9999 -9999 -9999 -9999 -9999 -9999 -9999 -9999 -9999 -9999 -9999 -9999 -9999 -9999 -9999 -9999 -9999 -9999 -9999 -9999 -9999 -9999 -9999 -9999 -9999 -9999 -9999
398.55658 398.57062 398.5806 398.59109 398.59259 398.5936 398.60361 398.61411 398.63312 398.64063 398.6441 398.6481 398.6521 398.65509 398.65411 398.65759 398.66058 398.6651 398.6691 398.67209 398.68161 398.68658 398.69061 398.69958 398.71411 398.72009 398.71509 398.7261 398.73608 398.73712 398.75211 398.75659 398.75861 398.76559 398.76959 398.76959 398.7746 398.77808 398.78412 398.78662 398.79108 398.7966 398.78412 398.78308 398.7746 -9999 -9999 -9999 -9999 -9999 -9999 -9999 -9999 -9999 -9999 -9999 -9999 -9999 -9999 -9999 -9999 -9999 -9999 -9999 -9999 -9999 -9999 -9999 -9999 -9999 -9999 -9999 -9999 -9999 -9999 -9999 -9999
398.55658 398.56708 398.5741 398.58411 398.59259 398.6051 398.61411 398.62262 398.63159 398.63562 398.6431 398.64362 398.65311 398.65411 398.65961 398.6636 398.66461 398.66809 398.6756 398.67712 398.6806 398.68811 398.69562 398.70862 398.71661 398.72308 398.7301 398.73761 398.7276 398.72461 398.73608 398.75409 398.76309 398.76862 398.7666 398.77411 398.77759 398.7861 398.79211 398.80011 398.80359 398.7966 398.79358 398.7876 -9999 -9999 -9999 -9999 -9999 -9999 -9999 -9999 -9999 -9999 -9999 -9999 -9999 -9999 -9999 -9999 -9999 -9999 -9999 -9999 -9999 -9999 -9999 -9999 -9999 -9999 -9999 -9999 -9999 -9999 -9999 -9999 -9999
398.5596 398.56812 398.57312 398.58411 398.5976 398.6066 398.61462 398.61911 398.6246 398.6196 398.63458 398.63458 398.65411 398.66409 398.66159 398.6651 398.66809 398.67209 398.67462 398.67108 398.68311 398.69458 398.70612 398.71912 398.71661 398.72308 398.73859 398.7366 398.73108 398.73911 398.75061 398.75812 398.76559 398.76813 398.7691 398.77661 398.7811 398.78809 398.79413 398.81158 398.81512 398.8136 398.8111 398.80261 -9999 -9999 -9999 -9999 -9999 -9999 -9999 -9999 -9999 -9999 -9999 -9999 -9999 -9999 -9999 -9999 -9999 -9999 -9999 -9999 -9999 -9999 -9999 -9999 -9999 -9999 -9999 -9999 -9999 -9999 -9999 -9999 -9999
398.57111 398.57562 398.57861 398.58008 398.59259 398.60358 398.61407 398.61761 398.6261 398.62311 398.63013 398.6456 398.64459 398.66461 398.6701 398.6651 398.66861 398.67111 398.67859 398.67657 398.6806 398.70111 398.71509 398.7131 398.7106 398.72211 398.73608 398.74109 398.73709 398.75262 398.76611 398.76559 398.7691 398.76813 398.77209 398.7796 398.7821 398.7901 398.80011 398.81409 398.80511 398.81458 398.81259 -9999 -9999 -9999 -9999 -9999 -9999 -9999 -9999 -9999 -9999 -9999 -9999 -9999 -9999 -9999 -9999 -9999 -9999 -9999 -9999 -9999 -9999 -9999 -9999 -9999 -9999 -9999 -9999 -9999 -9999 -9999 -9999 -9999 -9999
398.57211 398.58008 398.58609 398.58609 398.58911 398.60413 398.6156 398.62311 398.62457 398.6286 398.64362 398.65259 398.65662 398.6521 398.66309 398.66611 398.6701 398.67709 398.68359 398.69659 398.69659 398.70758 398.7121 398.70459 398.70563 398.7226 398.73907 398.7496 398.75513 398.76563 398.76508 398.76559 398.7641 398.76508 398.7706 398.78009 398.79761 398.79712 398.8046 398.80762 398.81259 398.80859 398.80811 -9999 -9999 -9999 -9999 -9999 -9999 -9999 -9999 -9999 -9999 -9999 -9999 -9999 -9999 -9999 -9999 -9999 -9999 -9999 -9999 -9999 -9999 -9999 -9999 -9999 -9999 -9999 -9999 -9999 -9999 -9999 -9999 -9999 -9999
398.5726 398.58008 398.58609 398.59308 398.59009 398.6051 398.61609 398.62561 398.62708 398.63208 398.64011 398.64911 398.6546 398.64862 398.65961 398.6651 398.66309 398.6701 398.6846 398.69861 398.69861 398.70361 398.71259 398.70761 398.71561 398.71558 398.74011 398.74908 398.75061 398.75909 398.75809 398.7601 398.75861 398.76208 398.77411 398.78961 398.79211 398.80161 398.80261 398.80658 398.8111 398.81461 -9999 -9999 -9999 -9999 -9999 -9999 -9999 -9999 -9999 -9999 -9999 -9999 -9999 -9999 -9999 -9999 -9999 -9999 -9999 -9999 -9999 -9999 -9999 -9999 -9999 -9999 -9999 -9999 -9999 -9999 -9999 -9999 -9999 -9999 -9999
398.57458 398.5806 398.58459 398.59061 398.5986 398.60712 398.61609 398.62408 398.62909 398.62759 398.63562 398.64758 398.65662 398.6546 398.6651 398.66559 398.6626 398.6741 398.67859 398.68811 398.6951 398.7171 398.72809 398.71661 398.7056 398.72461 398.74158 398.74109 398.75311 398.75409 398.7616 398.76257 398.7616 398.76761 398.77258 398.77911 398.7861 398.79211 398.7966 398.80359 398.81161 -9999 -9999 -9999 -9999 -9999 -9999 -9999 -9999 -9999 -9999 -9999 -9999 -9999 -9999 -9999 -9999 -9999 -9999 -9999 -9999 -9999 -9999 -9999 -9999 -9999 -9999 -9999 -9999 -9999 -9999 -9999 -9999 -9999 -9999 -9999 -9999
