Zurich/swissbathy3d_zuerichsee_2056_5728.esriasciigrid/swissBATHY3D_CHLV95_LN02_2704_1232.asc
ncols 121
nrows 1000
xllcorner 2704000
yllcorner 1232000
cellsize 1
nodata_value -9999
[rows 868 to 895 of 1000, columns 0 to 63 of 121]
397.62262 397.64859 397.63211 397.64511 397.66357 397.6731 397.68011 397.69061 397.7056 397.7226 397.7381 397.75909 397.7756 397.79712 397.81909 397.83911 397.86261 397.88062 397.90009 397.92004 397.94006 397.97055 397.9845 397.99561 398.00598 398.01807 398.05905 398.0816 398.09949 398.12 398.138 398.15149 398.17801 398.20148 398.21948 398.2265 398.25299 398.2785 398.30402 398.33899 398.36349 398.39001 398.41199 398.44299 398.46451 398.4845 398.50403 398.5325 398.55701 398.57349 398.591 398.6015 398.62799 398.65802 398.68799 398.7085 398.7215 398.74548 398.77301 398.7995 398.832 398.85449 398.879 398.91101
397.62061 397.65558 397.6601 397.64911 397.66309 397.67657 397.68762 397.7001 397.70459 397.7251 397.74161 397.75409 397.7746 397.79462 397.81711 397.83862 397.8616 397.88708 397.9061 397.9256 397.94354 397.96698 397.991 398.00955 398.01154 398.02704 398.06598 398.08255 398.095 398.12048 398.1395 398.15799 398.1745 398.1955 398.20898 398.23248 398.258 398.28549 398.31 398.336 398.36353 398.3905 398.4155 398.452 398.4675 398.4805 398.51099 398.53851 398.56149 398.58401 398.58649 398.60101 398.62653 398.65601 398.69199 398.70551 398.72198 398.74402 398.7775 398.8125 398.83002 398.854 398.87848 398.91449
397.62109 397.64612 397.66605 397.66656 397.66711 397.67761 397.69061 397.6911 397.70459 397.7236 397.7446 397.7626 397.77911 397.79803 397.82062 397.84009 397.87256 397.88708 397.9046 397.92554 397.94705 397.96857 397.98352 398.00507 398.02307 398.04199 398.05899 398.077 398.09799 398.12848 398.146 398.16299 398.17651 398.19452 398.21649 398.23547 398.26099 398.28149 398.30249 398.33301 398.35699 398.39001 398.41699 398.44199 398.4595 398.48999 398.52051 398.53851 398.56299 398.5795 398.59149 398.60498 398.63049 398.66351 398.68652 398.70203 398.72 398.74652 398.785 398.80249 398.82751 398.85049 398.8765 398.91199
397.62604 397.65912 397.67905 397.69299 397.6716 397.6821 397.69409 397.69409 397.70758 397.71609 397.74512 397.76312 397.78259 397.79755 397.8201 397.84305 397.86798 397.88257 397.90955 397.92957 397.95105 397.97107 397.98401 398.00952 398.02551 398.03799 398.06299 398.08301 398.11099 398.12799 398.1525 398.16199 398.1785 398.20001 398.21698 398.23547 398.2565 398.27701 398.306 398.32901 398.358 398.39948 398.4285 398.44952 398.46649 398.48651 398.51099 398.534 398.56299 398.57648 398.59198 398.60251 398.63751 398.66101 398.68051 398.703 398.72601 398.75049 398.77551 398.7995 398.82599 398.84601 398.87451 398.90649
397.6311 397.66162 397.69153 397.70999 397.69006 397.70148 397.7085 397.70905 397.7066 397.71811 397.74161 397.76208 397.78809 397.80511 397.81805 397.84552 397.867 397.88699 397.9115 397.9375 397.95511 397.97607 397.99701 398.0145 398.03198 398.05798 398.0755 398.09149 398.1105 398.134 398.15051 398.16699 398.185 398.20251 398.22101 398.24402 398.26453 398.28149 398.306 398.332 398.36749 398.40601 398.42999 398.44501 398.46503 398.48801 398.51501 398.543 398.56149 398.57751 398.59149 398.61652 398.633 398.6575 398.6835 398.70499 398.72748 398.75 398.77551 398.80249 398.82401 398.85248 398.8775 398.90799
397.63007 397.64655 397.66406 397.67853 397.68399 397.70551 397.71356 397.71155 397.70999 397.72009 397.74353 397.76611 397.78558 397.80005 397.81757 397.84802 397.87549 397.89551 397.91852 397.93655 397.95801 397.9765 398.00201 398.0275 398.04401 398.0575 398.08051 398.08899 398.112 398.138 398.15302 398.168 398.1825 398.20551 398.22748 398.2515 398.27701 398.29749 398.315 398.33398 398.35748 398.39349 398.4205 398.4415 398.4675 398.49249 398.52002 398.54401 398.56799 398.57251 398.5965 398.6225 398.6405 398.66199 398.69 398.70499 398.72748 398.75049 398.77948 398.80548 398.82202 398.85498 398.87952 398.9165
397.62955 397.64349 397.66205 397.66803 397.68048 397.702 397.7106 397.71448 397.71356 397.72754 397.75098 397.75854 397.77606 397.80151 397.81854 397.84851 397.8735 397.90051 397.9205 397.939 397.96301 397.98651 398.005 398.03052 398.05548 398.05899 398.07898 398.0925 398.11151 398.138 398.1575 398.16699 398.1835 398.20502 398.22601 398.25 398.27701 398.3045 398.319 398.3335 398.36151 398.3905 398.422 398.44 398.46799 398.48798 398.52002 398.53601 398.5575 398.577 398.59601 398.62701 398.64899 398.66901 398.69501 398.711 398.72549 398.7475 398.77948 398.8035 398.828 398.85001 398.88 398.90701
397.64453 397.64999 397.66351 397.67401 397.6875 397.70551 397.72107 397.72455 397.72455 397.74005 397.758 397.76849 397.78503 397.80756 397.82098 397.85101 397.87399 397.89252 397.91699 397.93451 397.95599 397.978 398.00348 398.03751 398.05048 398.06799 398.08398 398.09698 398.112 398.142 398.16449 398.177 398.19 398.21002 398.23151 398.25 398.2735 398.29498 398.31149 398.3335 398.3685 398.4035 398.427 398.4505 398.47549 398.49899 398.513 398.535 398.56451 398.5835 398.5975 398.62152 398.64099 398.66302 398.68399 398.70648 398.72601 398.746 398.77451 398.7995 398.83801 398.86499 398.87451 398.90051
397.64551 397.65805 397.68005 397.68799 397.69354 397.70401 397.72406 397.73157 397.72412 397.73407 397.75354 397.77148 397.79407 397.8035 397.82251 397.85248 397.8725 397.89551 397.91351 397.93298 397.95801 397.97748 397.99799 398.01849 398.04901 398.069 398.0835 398.0965 398.121 398.14398 398.159 398.17349 398.19299 398.21201 398.2305 398.2525 398.27249 398.289 398.30701 398.34302 398.36951 398.40552 398.4325 398.45648 398.478 398.49951 398.517 398.53799 398.5625 398.582 398.60101 398.62402 398.63599 398.66602 398.68399 398.707 398.73102 398.7525 398.776 398.80649 398.83649 398.85901 398.87701 398.90891
397.65356 397.6615 397.6835 397.69299 397.69705 397.70752 397.71802 397.729 397.72156 397.73254 397.76306 397.78101 397.79602 397.8165 397.83551 397.858 397.87851 397.90149 397.91901 397.93298 397.95801 397.979 397.99451 398.013 398.04352 398.06952 398.08649 398.1015 398.11652 398.14252 398.15149 398.16751 398.19202 398.21301 398.23349 398.25049 398.26898 398.284 398.3175 398.34351 398.36548 398.40149 398.431 398.4505 398.4715 398.49048 398.51199 398.535 398.56601 398.5975 398.60901 398.62048 398.64001 398.66049 398.68347 398.70999 398.73651 398.75452 398.77844 398.80646 398.82996 398.8555 398.87842 398.89841
397.65503 397.66449 397.67499 397.6875 397.69501 397.711 397.72 397.724 397.72455 397.73657 397.76453 397.7735 397.79498 397.81702 397.84399 397.85999 397.88202 397.901 397.92349 397.94 397.961 397.98547 398.0025 398.02301 398.03699 398.06299 398.0885 398.10049 398.12 398.146 398.15503 398.16803 398.18799 398.21002 398.23401 398.25098 398.26599 398.284 398.31149 398.33899 398.36099 398.39349 398.42551 398.44702 398.4765 398.49548 398.5155 398.53699 398.56848 398.59149 398.603 398.62549 398.64301 398.66351 398.68649 398.71301 398.73749 398.75195 398.77545 398.7995 398.823 398.84946 398.87439 398.89893
397.65253 397.66351 397.66901 397.6825 397.69949 397.70599 397.71899 397.728 397.733 397.7485 397.75299 397.76648 397.78851 397.823 397.84302 397.853 397.87601 397.901 397.92099 397.94 397.95801 397.99149 398.01801 398.04102 398.04401 398.064 398.09149 398.103 398.1235 398.138 398.16299 398.181 398.1875 398.20502 398.22998 398.2475 398.26501 398.297 398.32251 398.33801 398.362 398.39551 398.42749 398.4505 398.47351 398.50201 398.51849 398.53601 398.5705 398.58698 398.6145 398.63251 398.6525 398.66748 398.6915 398.71747 398.7355 398.7529 398.77399 398.79852 398.8255 398.84991 398.8829 398.91891
397.65451 397.67102 397.6795 397.68549 397.69849 397.70999 397.72351 397.73199 397.742 397.75751 397.75952 397.77551 397.797 397.8205 397.8385 397.854 397.8815 397.90302 397.92798 397.94501 397.9715 397.99451 398.01401 398.03101 398.04901 398.07901 398.09698 398.1145 398.12451 398.14001 398.16998 398.1835 398.18848 398.20801 398.23248 398.25549 398.284 398.30701 398.3215 398.34 398.36298 398.3985 398.423 398.444 398.4725 398.49701 398.51251 398.5405 398.57098 398.58649 398.60852 398.63 398.64951 398.67102 398.69196 398.71201 398.7294 398.7554 398.77795 398.806 398.82745 398.85995 398.88596 398.90546
397.65552 397.66901 397.6875 397.69702 397.703 397.71301 397.72601 397.73401 397.7475 397.75452 397.76801 397.77649 397.798 397.81799 397.83502 397.85498 397.88 397.90198 397.92352 397.9455 397.96753 397.99048 398.008 398.02701 398.06201 398.08252 398.09698 398.12 398.1275 398.1445 398.17603 398.19348 398.19849 398.22351 398.24249 398.258 398.28497 398.30499 398.323 398.33948 398.37149 398.3945 398.41949 398.44849 398.47852 398.49951 398.52301 398.54401 398.5625 398.5795 398.6015 398.63251 398.64551 398.66901 398.68903 398.70544 398.73151 398.75391 398.78201 398.80396 398.82501 398.85248 398.87848 398.9104
397.66199 397.67401 397.686 397.69849 397.7085 397.724 397.73199 397.73853 397.7435 397.75751 397.76599 397.78302 397.798 397.8165 397.83801 397.86047 397.888 397.90802 397.92551 397.95099 397.96249 397.98349 398.009 398.0405 398.06351 398.08301 398.10599 398.121 398.129 398.15253 398.18152 398.198 398.211 398.23199 398.2515 398.26898 398.28549 398.30499 398.32651 398.34799 398.37149 398.39203 398.42749 398.45898 398.47852 398.50049 398.51898 398.54245 398.561 398.57898 398.61249 398.62402 398.64844 398.67496 398.69196 398.71545 398.73639 398.76251 398.77795 398.79901 398.82648 398.85391 398.88239 398.9104
397.66351 397.66901 397.681 397.70099 397.70801 397.72351 397.73599 397.74902 397.754 397.75549 397.76001 397.77701 397.79602 397.8205 397.84198 397.87201 397.89398 397.914 397.93048 397.95349 397.965 397.98798 398.0145 398.04102 398.0625 398.07449 398.10199 398.11499 398.13 398.14899 398.17902 398.20203 398.21198 398.23349 398.2485 398.26501 398.2825 398.3035 398.32849 398.34949 398.375 398.39502 398.42599 398.45898 398.4805 398.49451 398.51996 398.54694 398.57346 398.59149 398.61246 398.62796 398.64844 398.68195 398.7009 398.7149 398.73746 398.76147 398.77301 398.79846 398.82544 398.85541 398.87839 398.90839
397.66998 397.6705 397.69098 397.70251 397.7135 397.72601 397.73499 397.75153 397.76401 397.77148 397.77002 397.7915 397.806 397.82349 397.84949 397.87201 397.89502 397.91351 397.93048 397.9465 397.97852 398.0025 398.02551 398.04401 398.06097 398.0755 398.0925 398.11551 398.133 398.14648 398.17548 398.2005 398.216 398.2345 398.24799 398.254 398.27802 398.30151 398.32449 398.353 398.375 398.39999 398.42651 398.45599 398.48349 398.50494 398.52039 398.55145 398.57947 398.60349 398.61295 398.62891 398.65295 398.68646 398.7009 398.72839 398.74295 398.76041 398.77594 398.79742 398.8244 398.85388 398.86987 398.9054
397.66 397.685 397.70099 397.7085 397.7175 397.73401 397.74301 397.75351 397.76849 397.77301 397.78351 397.79401 397.814 397.83002 397.8515 397.87299 397.88953 397.90698 397.927 397.957 397.98547 398.00848 398.02649 398.04849 398.07401 398.08749 398.10101 398.134 398.14502 398.15549 398.17749 398.19949 398.22101 398.24298 398.255 398.26898 398.28448 398.30701 398.332 398.3555 398.38348 398.40698 398.43201 398.45898 398.479 398.49649 398.52643 398.54889 398.57645 398.5965 398.61746 398.63791 398.65692 398.67792 398.69092 398.71194 398.73596 398.76291 398.77789 398.7984 398.82339 398.8429 398.87039 398.90741
397.668 397.6915 397.69952 397.70801 397.71802 397.73401 397.7485 397.75101 397.76501 397.7735 397.78851 397.8035 397.8215 397.83801 397.85651 397.875 397.89349 397.914 397.93951 397.96201 397.98651 398.00848 398.03049 398.05151 398.07849 398.09851 398.11548 398.14148 398.14099 398.16101 398.19049 398.2095 398.22299 398.24048 398.254 398.26599 398.28448 398.30902 398.33249 398.354 398.38348 398.40948 398.43799 398.461 398.49249 398.51096 398.52795 398.54196 398.56851 398.60291 398.6264 398.6394 398.66089 398.67242 398.69141 398.7074 398.72891 398.75491 398.77393 398.79938 398.8244 398.85242 398.87488 398.90338
397.67548 397.69049 397.69849 397.70752 397.72052 397.73251 397.74701 397.7515 397.76651 397.7695 397.78748 397.80298 397.82251 397.83899 397.8595 397.87451 397.89349 397.9245 397.94702 397.97052 397.99152 398.00751 398.02802 398.05301 398.06799 398.0965 398.12048 398.13348 398.147 398.1705 398.20099 398.2135 398.224 398.23651 398.2435 398.26599 398.28549 398.3085 398.32599 398.34949 398.37601 398.40802 398.42999 398.46503 398.48596 398.51093 398.52295 398.54053 398.57141 398.59497 398.61444 398.63641 398.65192 398.65839 398.6889 398.71191 398.72992 398.75488 398.77942 398.8024 398.82141 398.84338 398.86438 398.9024
397.67548 397.69049 397.70648 397.7175 397.72501 397.7345 397.742 397.75952 397.77252 397.776 397.78448 397.79901 397.815 397.83801 397.86099 397.87549 397.90649 397.92599 397.95099 397.9715 397.98901 398.00403 398.02148 398.04401 398.0675 398.09601 398.11249 398.13901 398.15253 398.16449 398.19501 398.21951 398.22748 398.237 398.24799 398.27051 398.28799 398.31 398.332 398.35352 398.38 398.39896 398.42749 398.45898 398.48193 398.5069 398.52841 398.54144 398.56641 398.59299 398.61243 398.6239 398.6424 398.6619 398.68341 398.70639 398.7334 398.75787 398.77692 398.8009 398.81989 398.8439 398.86789 398.90491
397.681 397.69949 397.71552 397.7225 397.72803 397.73749 397.74649 397.76202 397.77502 397.77701 397.78699 397.80151 397.81699 397.8385 397.86151 397.884 397.9115 397.931 397.94952 397.96899 397.98651 398.009 398.02698 398.0495 398.07703 398.09552 398.10699 398.13049 398.15851 398.17499 398.19452 398.21552 398.23346 398.241 398.26251 398.28101 398.29895 398.32251 398.34247 398.35852 398.37592 398.39645 398.42297 398.45697 398.48242 398.50989 398.53345 398.5434 398.56543 398.59143 398.61292 398.62988 398.64841 398.6774 398.69589 398.71838 398.73389 398.7594 398.7774 398.8009 398.82489 398.8504 398.87738 398.90939
397.68701 397.703 397.70752 397.7225 397.7355 397.74152 397.75598 397.77002 397.784 397.78448 397.79401 397.80951 397.828 397.84851 397.87149 397.89001 397.914 397.93051 397.95203 397.96899 397.99402 398.02899 398.04849 398.05798 398.08752 398.09998 398.099 398.13251 398.16251 398.172 398.19199 398.20294 398.23444 398.25 398.27301 398.29346 398.30701 398.32251 398.33551 398.3569 398.38049 398.40942 398.4249 398.45691 398.49139 398.52094 398.5304 398.5509 398.57141 398.6019 398.61987 398.63489 398.6669 398.69391 398.7019 398.71338 398.7334 398.75342 398.77289 398.79889 398.82489 398.8504 398.86542 398.8959
397.6835 397.69901 397.70499 397.71948 397.73401 397.75049 397.76099 397.77698 397.789 397.793 397.802 397.819 397.83551 397.85849 397.8765 397.89252 397.90601 397.92749 397.95001 397.96851 398.00601 398.021 398.03101 398.065 398.07199 398.08801 398.12451 398.14645 398.15701 398.17249 398.18701 398.21399 398.24146 398.25696 398.27698 398.28696 398.30792 398.32346 398.34192 398.36548 398.3949 398.40396 398.43188 398.46591 398.49744 398.51538 398.5329 398.55341 398.5744 398.6004 398.61938 398.64639 398.67291 398.68188 398.69788 398.71838 398.73889 398.75342 398.77289 398.79639 398.82092 398.84241 398.8624 398.89838
397.6795 397.70651 397.71851 397.71899 397.73853 397.74799 397.75452 397.77148 397.78998 397.79498 397.79449 397.82001 397.83252 397.84851 397.8645 397.888 397.90948 397.93048 397.9585 397.97748 397.99301 398.01251 398.034 398.04651 398.08148 398.10999 398.13794 398.13953 398.14999 398.18048 398.20044 398.22644 398.23795 398.25647 398.26947 398.29196 398.31091 398.32996 398.35089 398.37091 398.38541 398.40341 398.43243 398.46295 398.49289 398.5144 398.52838 398.5509 398.57538 398.60339 398.62439 398.64142 398.66492 398.68988 398.70441 398.72089 398.74139 398.7619 398.77588 398.79691 398.82343 398.84637 398.8754 398.90289
397.69299 397.7085 397.72 397.73651 397.74402 397.75452 397.76099 397.7735 397.78851 397.79651 397.79449 397.81097 397.832 397.84399 397.86401 397.88202 397.90948 397.9285 397.9545 397.97998 398.00049 398.01599 398.03851 398.0665 398.08398 398.1055 398.13049 398.13251 398.1535 398.17401 398.19092 398.22247 398.24152 398.25989 398.27344 398.29443 398.31696 398.34045 398.36389 398.38092 398.3924 398.4054 398.43195 398.4639 398.49539 398.5184 398.54041 398.55841 398.57141 398.59039 398.62292 398.64392 398.66791 398.69342 398.70239 398.72189 398.74341 398.76538 398.77939 398.80341 398.82593 398.8494 398.8699 398.90192
397.70752 397.72101 397.72449 397.73499 397.74701 397.75848 397.7695 397.78448 397.793 397.79602 397.8045 397.81403 397.8295 397.85651 397.87149 397.89001 397.90549 397.92999 397.957 397.98151 398.00299 398.02399 398.03949 398.07098 398.0845 398.1095 398.12451 398.14496 398.16797 398.17847 398.20001 398.22546 398.25046 398.25845 398.26691 398.29691 398.31995 398.34491 398.36041 398.37738 398.3974 398.41089 398.43439 398.4664 398.49738 398.5199 398.54691 398.5629 398.57642 398.59338 398.6124 398.64941 398.6734 398.6904 398.7099 398.72241 398.74139 398.76038 398.78241 398.80438 398.82642 398.8494 398.8689 398.8949
397.71448 397.72049 397.724 397.73499 397.754 397.7655 397.77301 397.78149 397.79001 397.80301 397.811 397.8205 397.8425 397.86401 397.879 397.89551 397.91101 397.93549 397.96149 397.98401 398.00549 398.02451 398.04401 398.0625 398.08395 398.10095 398.1329 398.15091 398.1629 398.18292 398.1994 398.2294 398.24988 398.24841 398.2749 398.28589 398.3089 398.33337 398.34839 398.3764 398.3924 398.40692 398.43439 398.46588 398.49188 398.52139 398.54489 398.56091 398.5824 398.59891 398.6304 398.65588 398.6759 398.6944 398.7049 398.72443 398.7399 398.76239 398.78189 398.80042 398.8179 398.84692 398.87292 398.89441
