Zurich/swissbathy3d_zuerichsee_2056_5728.esriasciigrid/swissBATHY3D_CHLV95_LN02_2696_1228.asc
ncols 1000
nrows 473
xllcorner 2696000
yllcorner 1228527
cellsize 1
nodata_value -9999
[rows 248 to 278 of 473, columns 897 to 965 of 1000]
386.90921 386.8692 386.8392 386.7937 386.78418 386.7627 386.72021 386.66418 386.64371 386.6232 386.6012 386.56421 386.51617 386.47821 386.4537 386.4422 386.42474 386.39972 386.35669 386.32019 386.27679 386.24078 386.23431 386.21228 386.16382 386.13031 386.11078 386.04379 386.01782 385.9808 385.9603 385.92328 385.88281 385.84381 385.82379 385.80429 385.77679 385.73328 385.71579 385.71329 385.69379 385.63928 385.58582 385.60931 385.64087 385.64331 385.56235 385.50989 385.4704 385.44592 385.42792 385.4054 385.3949 385.39441 385.3544 385.3219 385.3064 385.29138 385.25842 385.24438 385.25739 385.24292 385.19238 385.1734 385.1889 385.15991 385.1344 385.11688 385.1019
386.93372 386.90021 386.8642 386.8187 386.78918 386.7532 386.71021 386.69421 386.67822 386.65521 386.6167 386.57172 386.5282 386.50568 386.4837 386.4617 386.43726 386.41125 386.37869 386.34219 386.29272 386.26129 386.25479 386.23181 386.1723 386.1463 386.0968 386.0618 386.0173 385.99933 385.97882 385.93231 385.88629 385.84229 385.81128 385.78979 385.76727 385.74481 385.7453 385.74579 385.70386 385.64584 385.62878 385.66827 385.7113 385.67981 385.59586 385.5174 385.5054 385.4809 385.43188 385.43439 385.44537 385.41241 385.3649 385.32739 385.32941 385.32239 385.28839 385.2674 385.27341 385.24292 385.19843 385.20239 385.19843 385.1564 385.12689 385.10992 385.1059
386.95871 386.92419 386.88568 386.83868 386.8027 386.77319 386.73669 386.71069 386.6907 386.67871 386.66119 386.59821 386.5477 386.54718 386.50171 386.49072 386.46423 386.43719 386.3913 386.34119 386.28775 386.27728 386.2728 386.23331 386.18829 386.15082 386.1008 386.0593 386.08032 386.0473 385.98129 385.93378 385.88531 385.85229 385.82581 385.79181 385.7778 385.76929 385.7608 385.7623 385.73135 385.66931 385.67081 385.71579 385.70831 385.65887 385.56342 385.52936 385.5199 385.48685 385.42841 385.46088 385.45538 385.4079 385.36639 385.3454 385.34189 385.3349 385.3024 385.2934 385.29041 385.2399 385.21341 385.2334 385.20392 385.15891 385.14441 385.12241 385.12189
386.9877 386.95221 386.90469 386.86371 386.8302 386.79419 386.7532 386.72968 386.69421 386.68817 386.66919 386.62268 386.5867 386.56769 386.5217 386.51672 386.48969 386.45419 386.39874 386.3407 386.30679 386.2923 386.25879 386.2413 386.20782 386.16132 386.14081 386.1188 386.0813 386.04529 385.97028 385.9173 385.89029 385.88379 385.83582 385.82281 385.79279 385.76379 385.7518 385.75128 385.73682 385.69879 385.69681 385.72028 385.6868 385.63538 385.56738 385.55191 385.52591 385.49936 385.47141 385.46838 385.4454 385.40692 385.3949 385.38641 385.36591 385.3479 385.3244 385.31241 385.2944 385.2569 385.2424 385.22742 385.19839 385.17691 385.15939 385.1474 385.1409
387.01868 386.98071 386.92969 386.8887 386.84421 386.81219 386.77368 386.7467 386.71619 386.68768 386.6347 386.61569 386.60321 386.5817 386.5452 386.5687 386.5177 386.47321 386.41019 386.36523 386.32831 386.30231 386.27081 386.24881 386.21429 386.16528 386.13031 386.11981 386.08331 386.03381 385.96429 385.92529 385.8898 385.8923 385.87079 385.8353 385.81628 385.78281 385.78729 385.77979 385.74286 385.71985 385.69183 385.68536 385.65332 385.62085 385.58386 385.57236 385.53589 385.4949 385.48743 385.4819 385.45288 385.41791 385.39941 385.4129 385.40741 385.3699 385.33789 385.32941 385.3139 385.2724 385.25439 385.23291 385.21741 385.19391 385.19189 385.1709 385.16541
387.05319 387.0022 386.95621 386.91272 386.86819 386.82867 386.80469 386.7677 386.73322 386.6922 386.6517 386.6232 386.59219 386.57068 386.56219 386.55621 386.53619 386.48322 386.41626 386.36328 386.34583 386.33429 386.30231 386.26129 386.22778 386.16431 386.13129 386.11578 386.08429 386.04529 385.9848 385.95029 385.92981 385.91278 385.8653 385.84131 385.8053 385.79529 385.81531 385.77835 385.74139 385.74634 385.69781 385.65332 385.62286 385.59485 385.57733 385.59991 385.54041 385.49988 385.4924 385.48792 385.44989 385.4249 385.4169 385.4574 385.4184 385.37189 385.3439 385.33539 385.3389 385.29388 385.26691 385.2569 385.22491 385.2179 385.21039 385.18939 385.1669
387.08069 387.0257 386.97971 386.93469 386.8902 386.85468 386.82568 386.7887 386.74017 386.6972 386.65671 386.63071 386.5997 386.5722 386.56369 386.55768 386.53876 386.4837 386.41675 386.3728 386.35431 386.3428 386.3288 386.28778 386.2193 386.18481 386.15179 386.13229 386.0918 386.0528 386.00479 385.97028 385.95129 385.9313 385.88379 385.85431 385.84082 385.83081 385.81131 385.77435 385.75085 385.71387 385.66528 385.64581 385.62286 385.59485 385.60785 385.6109 385.55139 385.50839 385.50092 385.46289 385.44092 385.41589 385.43991 385.4454 385.4064 385.38641 385.3584 385.3754 385.36591 385.32092 385.28693 385.2644 385.23239 385.21991 385.2124 385.2059 385.17639
387.1087 387.0517 386.99469 386.95621 386.9137 386.8837 386.84421 386.80072 386.7562 386.70569 386.6727 386.64319 386.62073 386.58917 386.5712 386.56018 386.52124 386.47717 386.43427 386.40579 386.37231 386.35681 386.3443 386.2713 386.20532 386.18329 386.1843 386.1478 386.1058 386.0708 386.0173 386.00232 385.97278 385.9538 385.90829 385.90381 385.8558 385.83331 385.82233 385.77478 385.7608 385.70581 385.66583 385.66385 385.64786 385.6069 385.63385 385.6059 385.56342 385.53241 385.50439 385.46692 385.42191 385.44189 385.47141 385.43542 385.3884 385.39441 385.39691 385.41589 385.3844 385.36938 385.3299 385.27991 385.2619 385.25488 385.23792 385.21939 385.20441
387.12518 387.06671 387.01422 386.9772 386.9397 386.89972 386.84869 386.80872 386.7717 386.72522 386.6947 386.66168 386.63971 386.60968 386.58276 386.54919 386.51074 386.4812 386.45026 386.42429 386.3963 386.3623 386.33032 386.2793 386.23383 386.22031 386.1973 386.1618 386.12381 386.08783 386.0563 386.02283 386.00629 385.9588 385.9288 385.90979 385.8663 385.85529 385.8378 385.78879 385.75287 385.72681 385.70837 385.70389 385.6669 385.63739 385.62189 385.5914 385.57788 385.57141 385.51642 385.47589 385.44989 385.44189 385.4624 385.44092 385.4064 385.41492 385.40891 385.40289 385.3894 385.37939 385.35089 385.3139 385.3024 385.28741 385.25238 385.25391 385.23792
387.1442 387.0842 387.0397 387.0007 386.95618 386.92072 386.8692 386.82071 386.7832 386.74521 386.71371 386.68469 386.65222 386.62875 386.60278 386.55731 386.51224 386.48175 386.44876 386.4278 386.4053 386.37579 386.32379 386.28531 386.26031 386.25281 386.21829 386.17181 386.1358 386.10431 386.0773 386.03528 386.0018 385.95728 385.9328 385.9248 385.89282 385.8793 385.86481 385.82635 385.78033 385.73834 385.75635 385.78189 385.73889 385.68939 385.64539 385.6044 385.61792 385.62842 385.53888 385.49789 385.48138 385.46539 385.4454 385.4364 385.44238 385.43591 385.43689 385.4039 385.37988 385.37189 385.37491 385.35141 385.33591 385.30188 385.26392 385.27789 385.27643
387.16718 387.11322 387.07318 387.03418 386.98322 386.94019 386.89819 386.85269 386.80621 386.7782 386.74121 386.70172 386.6712 386.64777 386.60718 386.56525 386.52679 386.4913 386.45581 386.4288 386.41931 386.3728 386.31628 386.30029 386.28131 386.2713 386.24429 386.19678 386.13831 386.10931 386.0863 386.0423 386.00079 385.9588 385.94379 385.9368 385.91479 385.91129 385.88434 385.83484 385.78885 385.76886 385.78891 385.81342 385.72491 385.69089 385.66388 385.58841 385.6459 385.6619 385.5574 385.4989 385.50391 385.49191 385.46741 385.49542 385.48389 385.47388 385.42688 385.39389 385.38989 385.36591 385.38239 385.37488 385.35638 385.31091 385.28339 385.29742 385.31091
387.19421 387.14722 387.10718 387.06171 387.01068 386.95868 386.91571 386.87018 386.83472 386.79721 386.76019 386.72369 386.69321 386.66275 386.62421 386.58224 386.54181 386.5033 386.4678 386.4328 386.39978 386.35327 386.33582 386.31982 386.28531 386.29831 386.2713 386.20129 386.16681 386.13782 386.10031 386.0563 386.0083 385.98129 385.96631 385.95331 385.93579 385.93231 385.90829 385.8588 385.82031 385.83679 385.85687 385.76941 385.73941 385.70538 385.65689 385.6564 385.7139 385.64191 385.53741 385.5174 385.5184 385.50641 385.50842 385.50342 385.49188 385.48688 385.43988 385.4064 385.40689 385.38287 385.37891 385.3764 385.35791 385.33191 385.30438 385.30139 385.32941
387.2207 387.1767 387.13171 387.08618 387.0347 386.97821 386.93219 386.89368 386.8627 386.82471 386.77719 386.74017 386.71576 386.67975 386.63721 386.59625 386.55676 386.51981 386.49829 386.45581 386.4068 386.37531 386.35779 386.3183 386.28729 386.29132 386.23331 386.1958 386.17181 386.17029 386.13281 386.0538 386.02832 386.00781 385.96979 385.97229 385.9668 385.95279 385.91379 385.8703 385.87231 385.90631 385.8783 385.79187 385.7319 385.68292 385.68842 385.71191 385.67792 385.6059 385.53491 385.5159 385.5209 385.5289 385.53387 385.5199 385.51941 385.46991 385.41992 385.41541 385.40491 385.4024 385.37842 385.3649 385.34891 385.33789 385.32788 385.3259 385.32391
387.25369 387.1962 387.14618 387.10718 387.05219 387.00171 386.96667 386.92471 386.8837 386.84521 386.7952 386.76419 386.73169 386.68768 386.65326 386.6098 386.56976 386.54279 386.52081 386.4693 386.4173 386.40228 386.37079 386.33081 386.2973 386.26981 386.23331 386.2023 386.19681 386.20731 386.1293 386.07181 386.06482 386.0163 385.9968 386.0083 385.9953 385.9588 385.92929 385.87286 385.8963 385.88879 385.84485 385.79691 385.73041 385.6929 385.70642 385.71191 385.67441 385.60941 385.56091 385.5499 385.54141 385.6044 385.55789 385.53088 385.51239 385.4754 385.44891 385.4469 385.42291 385.3909 385.35089 385.35791 385.35989 385.3364 385.3389 385.3479 385.3504
387.2757 387.2247 387.16467 387.1232 387.07068 387.0332 386.99719 386.94019 386.90369 386.86823 386.81769 386.77917 386.7442 386.7067 386.66718 386.6268 386.59424 386.55182 386.52283 386.49127 386.44031 386.4068 386.38177 386.33478 386.30182 386.2728 386.2373 386.22528 386.21979 386.1998 386.15231 386.1163 386.09082 386.05029 386.0448 386.02829 386.03381 385.99585 385.95428 385.91486 385.87738 385.87131 385.86188 385.81891 385.75439 385.7099 385.6994 385.72089 385.67242 385.65143 385.60388 385.60489 385.57941 385.60638 385.56641 385.53589 385.5184 385.4964 385.45789 385.4584 385.42789 385.39288 385.37439 385.37189 385.35291 385.33289 385.3764 385.3714 385.36542
387.29471 387.2457 387.19571 387.14172 387.09869 387.05771 387.00671 386.98071 386.93921 386.88373 386.84476 386.79974 386.75769 386.72571 386.68674 386.64423 386.6153 386.56879 386.53931 386.5098 386.47229 386.42181 386.3848 386.35529 386.31781 386.2858 386.24878 386.23129 386.21881 386.18781 386.14178 386.13733 386.11481 386.07428 386.05579 386.04431 386.05579 386.03333 385.98083 385.94788 385.90591 385.87933 385.86835 385.82141 385.7774 385.7489 385.72339 385.7294 385.6889 385.65991 385.6459 385.63989 385.62842 385.58142 385.55688 385.5769 385.51291 385.4794 385.49139 385.47742 385.43591 385.4079 385.4024 385.39838 385.3584 385.3299 385.36389 385.38892 385.37939
387.32269 387.26569 387.2157 387.17023 387.1272 387.0752 387.0307 387.0047 386.95422 386.90271 386.86377 386.82373 386.78168 386.74124 386.70374 386.66125 386.6243 386.58478 386.5553 386.52979 386.49078 386.44031 386.4003 386.37079 386.33881 386.29681 386.2598 386.22879 386.20679 386.17578 386.14279 386.13831 386.12079 386.09631 386.07782 386.0918 386.06381 386.04135 385.98041 385.94739 385.94586 385.89941 385.8884 385.82739 385.79739 385.76889 385.75089 385.74438 385.70392 385.7124 385.69839 385.64639 385.61191 385.56491 385.56342 385.57892 385.51489 385.50342 385.51538 385.48792 385.44592 385.41791 385.4054 385.4104 385.37042 385.35889 385.39288 385.37939 385.3674
387.3497 387.29572 387.24219 387.19672 387.15021 387.09967 387.05719 387.00571 386.96771 386.9252 386.89319 386.84918 386.79724 386.75729 386.71725 386.67975 386.64279 386.60229 386.5658 386.5463 386.5083 386.45178 386.4118 386.39029 386.35379 386.31329 386.28027 386.25031 386.22131 386.18732 386.1543 386.13031 386.09979 386.0943 386.07181 386.08481 386.07629 386.01337 385.96136 385.92535 385.90942 385.9184 385.8764 385.8309 385.79889 385.8009 385.8089 385.78589 385.7854 385.79388 385.75342 385.67191 385.6059 385.63089 385.59741 385.5704 385.5079 385.52341 385.5224 385.48792 385.45041 385.42041 385.4039 385.4064 385.3924 385.41992 385.43591 385.39789 385.38239
387.3822 387.32971 387.26971 387.22272 387.16919 387.12122 387.07269 387.02521 386.98621 386.94321 386.9007 386.85519 386.8197 386.77625 386.73126 386.70032 386.6608 386.6123 386.58981 386.5618 386.51331 386.46631 386.43378 386.40631 386.37079 386.33279 386.29431 386.26929 386.2348 386.20282 386.1748 386.14429 386.11182 386.07785 386.05881 386.05881 386.04831 386.00983 385.97083 385.93036 385.9209 385.92041 385.86938 385.82391 385.83038 385.81689 385.8324 385.82092 385.83591 385.80591 385.72742 385.66791 385.64789 385.67291 385.62042 385.54639 385.5239 385.53839 385.53638 385.5144 385.4574 385.4339 385.43439 385.44891 385.43039 385.45941 385.46838 385.4299 385.37091
387.41022 387.3512 387.29721 387.2442 387.19421 387.14069 387.0957 387.04721 386.9982 386.95871 386.91168 386.87573 386.83521 386.78827 386.74933 386.7168 386.67529 386.63681 386.6033 386.57532 386.5408 386.48682 386.4548 386.42331 386.3848 386.34381 386.31531 386.28629 386.2543 386.22281 386.18729 386.15332 386.11731 386.08084 386.05432 386.03281 386.02783 386.01038 385.97388 385.96783 385.9429 385.9184 385.87289 385.87189 385.86688 385.8674 385.86041 385.86688 385.81989 385.79388 385.72589 385.68689 385.67291 385.65839 385.6199 385.57538 385.55591 385.56891 385.59387 385.5394 385.4859 385.49438 385.51239 385.4874 385.46939 385.46939 385.47638 385.45288 385.39941
387.43372 387.3772 387.32068 387.26669 387.21368 387.16119 387.11169 387.0687 387.01971 386.97668 386.93274 386.88721 386.85217 386.80823 386.76532 386.72931 386.69379 386.65582 386.6283 386.59479 386.55878 386.5163 386.48029 386.44379 386.40131 386.3588 386.32581 386.3028 386.27429 386.25128 386.21429 386.16528 386.1333 386.09277 386.0643 386.04831 386.03033 386.00836 385.98291 385.98138 385.9679 385.92239 385.89838 385.8869 385.9104 385.88391 385.8949 385.8884 385.8269 385.77087 385.74487 385.70392 385.71039 385.68091 385.6384 385.6004 385.5929 385.5979 385.62839 385.57239 385.49988 385.53339 385.5419 385.52539 385.5029 385.49738 385.4859 385.4519 385.42542
387.4642 387.39871 387.34119 387.29269 387.23718 387.18671 387.14368 387.0882 387.03821 386.99921 386.9567 386.91119 386.86523 386.82129 386.78674 386.74432 386.70581 386.67981 386.6438 386.60779 386.56979 386.53281 386.50079 386.46478 386.4213 386.38379 386.35629 386.32129 386.2843 386.25879 386.22031 386.17981 386.14429 386.10883 386.08929 386.07431 386.04742 386.01941 385.99341 385.97888 385.96539 385.93091 385.91541 385.92191 385.93738 385.92139 385.90491 385.8609 385.81091 385.77838 385.76489 385.7334 385.72391 385.6954 385.65939 385.63239 385.61389 385.62289 385.60791 385.55188 385.53491 385.52539 385.53741 385.51041 385.51239 385.51038 385.48541 385.45142 385.42639
387.48822 387.42471 387.36719 387.32068 387.2652 387.21719 387.1662 387.11072 387.06122 387.02069 386.97821 386.9357 386.88977 386.84229 386.80627 386.76379 386.72882 386.69379 386.65778 386.61578 386.5838 386.54681 386.51581 386.4798 386.4393 386.39783 386.3703 386.3443 386.30432 386.27881 386.24579 386.20529 386.16779 386.14481 386.12531 386.09781 386.06836 386.04034 386.01892 386.00439 385.9754 385.94489 385.92938 385.9469 385.95392 385.93793 385.89142 385.85889 385.8089 385.8064 385.79291 385.79089 385.74741 385.7189 385.6799 385.67239 385.6539 385.67291 385.6579 385.59692 385.56989 385.56039 385.52588 385.51642 385.5184 385.4819 385.45691 385.45892 385.4339
387.51721 387.44821 387.39221 387.3457 387.28668 387.23718 387.18719 387.12872 387.08621 387.0437 387.00421 386.95224 386.9043 386.86426 386.82574 386.79028 386.75031 386.71332 386.67078 386.6283 386.59329 386.56531 386.5343 386.49731 386.45981 386.42133 386.39282 386.36481 386.33429 386.29529 386.2623 386.23279 386.19885 386.16986 386.14886 386.11487 386.09085 386.06342 386.04041 386.02338 385.99091 385.95941 385.9429 385.92938 385.94989 385.92139 385.87592 385.8414 385.8374 385.8349 385.80841 385.78387 385.7699 385.72791 385.71442 385.70288 385.68991 385.7439 385.72241 385.6304 385.61438 385.6189 385.5549 385.52539 385.5329 385.47089 385.45538 385.4899 385.47241
387.5567 387.48871 387.43271 387.37122 387.30969 387.26019 387.2052 387.1467 387.10419 387.06622 387.0257 386.97375 386.92822 386.88818 386.84674 386.8063 386.7663 386.72632 386.68628 386.6438 386.61029 386.58231 386.55432 386.51379 386.47632 386.44482 386.40829 386.38031 386.35278 386.31378 386.2818 386.25085 386.21689 386.19183 386.17139 386.13739 386.11633 386.0994 386.07642 386.04242 386.00989 385.97491 385.95941 385.94589 385.92542 385.90588 385.86041 385.84589 385.84192 385.83539 385.82089 385.79639 385.7764 385.73639 385.7229 385.74689 385.73941 385.7934 385.74991 385.6579 385.6879 385.64142 385.57739 385.5589 385.56439 385.50238 385.4964 385.53088 385.49237
387.58521 387.51721 387.4617 387.40021 387.3407 387.28821 387.23322 387.17419 387.12817 387.09021 387.04572 386.99725 386.95172 386.90625 386.86481 386.83081 386.7818 386.74179 386.70081 386.66681 386.6333 386.59781 386.56982 386.53082 386.5033 386.4718 386.4328 386.3963 386.3688 386.3363 386.30432 386.2738 386.23889 386.21387 386.19031 386.16187 386.14081 386.12384 386.09692 386.06293 386.0289 385.9939 385.97339 385.94238 385.92191 385.90289 385.87289 385.8584 385.86389 385.85739 385.81839 385.79791 385.77789 385.77991 385.78088 385.8049 385.75391 385.74591 385.70239 385.6774 385.7074 385.68091 385.60791 385.58942 385.58289 385.5524 385.54639 385.53339 385.49487
387.60168 387.54471 387.4812 387.42621 387.37567 387.31921 387.26019 387.2002 387.15521 387.10721 387.0647 387.01672 386.97525 386.92975 386.8858 386.8468 386.80627 386.7583 386.72333 386.69128 386.65228 386.61731 386.5853 386.5488 386.52179 386.49231 386.45831 386.4223 386.3848 386.3508 386.32428 386.29184 386.25839 386.22833 386.20935 386.1908 386.16138 386.1369 386.1134 386.08142 386.04739 386.0199 385.99091 385.95691 385.92889 385.9119 385.89441 385.87341 385.8699 385.8634 385.84192 385.8114 385.83191 385.81641 385.82239 385.77588 385.76239 385.73941 385.70789 385.68289 385.6604 385.65143 385.61243 385.61188 385.59641 385.57892 385.55688 385.54388 385.48242
387.63672 387.57819 387.51471 387.4447 387.3942 387.34167 387.28619 387.2262 387.17322 387.12677 387.08423 387.04169 387.00021 386.95624 386.91229 386.87329 386.8233 386.77979 386.74481 386.70782 386.67328 386.63831 386.60229 386.5658 386.53229 386.51233 386.4783 386.44479 386.4043 386.3703 386.34381 386.31134 386.28033 386.26035 386.24133 386.21179 386.18085 386.1564 386.1264 386.09442 386.06641 386.0379 386.00891 385.97589 385.95093 385.9339 385.91138 385.8844 385.88089 385.86639 385.84491 385.83139 385.83838 385.82288 385.81689 385.77289 385.7594 385.74841 385.71692 385.69537 385.65839 385.64941 385.6524 385.63892 385.62341 385.60492 385.58289 385.54242 385.4964
387.66821 387.61218 387.54919 387.47919 387.4252 387.3707 387.31317 387.24969 387.20169 387.15524 387.10324 387.06177 387.01727 386.97382 386.9343 386.89081 386.84329 386.7998 386.7688 386.72729 386.6918 386.65631 386.6203 386.57782 386.5498 386.52731 386.49329 386.4668 386.42932 386.3913 386.36481 386.3313 386.30234 386.28339 386.25989 386.22739 386.1969 386.1709 386.14142 386.11438 386.0834 386.0564 386.03137 386.00339 385.97491 385.9494 385.93289 385.90887 385.89639 385.8819 385.85089 385.82941 385.83038 385.87592 385.8714 385.78339 385.78189 385.75787 385.72888 385.70691 385.67941 385.6579 385.67841 385.65839 385.62891 385.59491 385.5744 385.54742 385.50989
387.6972 387.6402 387.56622 387.50369 387.4552 387.40167 387.33118 387.27667 387.22571 387.17468 387.1257 387.08472 387.03967 386.99774 386.95581 386.9118 386.86481 386.83829 386.7963 386.7518 386.7063 386.6803 386.64282 386.61331 386.58032 386.5463 386.5148 386.48529 386.4418 386.4158 386.38681 386.3508 386.3244 386.30383 386.27734 386.24335 386.21741 386.18289 386.15939 386.1279 386.09741 386.07941 386.04691 386.01538 385.9949 385.9679 385.9519 385.94391 385.92639 385.88589 385.85889 385.83691 385.82391 385.82391 385.80988 385.7879 385.81189 385.76141 385.73889 385.72141 385.6759 385.6759 385.68188 385.67438 385.62238 385.59641 385.57593 385.54993 385.53696
387.72272 387.66119 387.5697 387.52271 387.47668 387.41321 387.35669 387.3067 387.25323 387.20471 387.15274 387.10217 387.06525 387.02625 386.9798 386.93628 386.89429 386.86279 386.82281 386.77582 386.7323 386.70331 386.6723 386.6333 386.60382 386.56979 386.53729 386.50128 386.4693 386.43481 386.40335 386.3728 386.35135 386.32086 386.29791 386.26886 386.2359 386.20639 386.1814 386.1474 386.12091 386.1004 386.06989 386.04089 386.02139 385.9949 385.97638 385.9664 385.94189 385.90338 385.87439 385.8519 385.83142 385.8179 385.80438 385.8089 385.82092 385.78491 385.76892 385.74542 385.72089 385.69839 385.6839 385.66989 385.64191 385.60541 385.58044 385.57489 385.57001
