Zurich/swissbathy3d_zuerichsee_2056_5728.esriasciigrid/swissBATHY3D_CHLV95_LN02_2697_1228.asc
ncols 1000
nrows 473
xllcorner 2697000
yllcorner 1228527
cellsize 1
nodata_value -9999
[rows 58 to 86 of 473, columns 455 to 519 of 1000]
-9999 -9999 -9999 -9999 401.58521 401.4632 401.2457 401.05768 400.87274 400.70728 400.52979 400.3298 400.13635 399.9534 399.78192 399.61841 399.4584 399.28339 399.12152 398.97699 398.82648 398.69049 398.57605 398.45111 398.33008 398.20361 398.08459 397.9751 397.86609 397.77209 397.68262 397.59167 397.50021 397.41721 397.35468 397.30121 397.22971 397.1427 397.08069 397.03271 396.98169 396.93073 396.8797 396.83423 396.78275 396.73285 396.69092 396.64539 396.59991 396.55688 396.4989 396.46594 396.43146 396.39291 396.35196 396.3125 396.28351 396.25201 396.21399 396.17902 396.1355 396.09552 396.06451 396.02899 395.9855
-9999 -9999 -9999 401.5607 401.4747 401.3537 401.17569 400.98975 400.8013 400.62531 400.4548 400.2648 400.08234 399.92389 399.74591 399.57239 399.40839 399.23395 399.09149 398.94702 398.80249 398.66302 398.53705 398.4101 398.29059 398.16711 398.06061 397.95111 397.85059 397.75061 397.66412 397.57916 397.4942 397.41321 397.33069 397.27618 397.21219 397.13669 397.07318 397.0192 396.97021 396.91821 396.86771 396.8187 396.77075 396.72635 396.68439 396.63593 396.58746 396.53894 396.49597 396.46448 396.42645 396.38345 396.33301 396.29749 396.2785 396.24799 396.21503 396.17499 396.12952 396.08499 396.05051 396.01651 395.9855
-9999 -9999 -9999 401.5477 401.42319 401.27869 401.0957 400.91574 400.72629 400.5593 400.38879 400.1969 400.01941 399.86389 399.7034 399.5249 399.3519 399.19751 399.05798 398.91251 398.76453 398.62851 398.49704 398.36603 398.24512 398.1351 398.0246 397.91962 397.8186 397.72559 397.63818 397.56268 397.48322 397.40118 397.32071 397.2587 397.18671 397.11121 397.04871 396.99921 396.95819 396.90775 396.85526 396.80576 396.76233 396.71338 396.66742 396.61841 396.57394 396.52948 396.48743 396.45496 396.41998 396.37952 396.327 396.29102 396.272 396.24249 396.20099 396.16302 396.12451 396.09802 396.0545 396.008 395.97699
-9999 -9999 401.58173 401.5152 401.37567 401.2037 401.02924 400.8443 400.66931 400.5058 400.31534 400.13788 399.96039 399.80841 399.63641 399.47141 399.306 399.14801 399.01501 398.86902 398.72699 398.59161 398.45956 398.32809 398.22009 398.1131 398.01208 397.8891 397.79309 397.70013 397.60919 397.5347 397.4552 397.3717 397.29822 397.2337 397.16071 397.09418 397.04269 396.99268 396.94525 396.8913 396.83679 396.79031 396.76181 396.70135 396.6539 396.6059 396.55844 396.52643 396.48187 396.44196 396.4115 396.375 396.33301 396.29401 396.25949 396.23151 396.19351 396.15201 396.117 396.08398 396.05151 396.008 395.97351
-9999 -9999 401.55521 401.4567 401.3042 401.14474 400.96475 400.78729 400.6138 400.43579 400.24036 400.07538 399.90442 399.74591 399.5874 399.4234 399.25848 399.10651 398.95148 398.82098 398.68954 398.5571 398.42657 398.3006 398.1926 398.08859 397.99411 397.87915 397.77115 397.67316 397.57721 397.50067 397.42273 397.34521 397.28168 397.21722 397.16019 397.08972 397.0412 396.99524 396.93323 396.87329 396.82031 396.77332 396.7413 396.68835 396.6409 396.59689 396.55396 396.51096 396.47495 396.43045 396.40051 396.37 396.32898 396.28198 396.24548 396.22351 396.18903 396.15002 396.11151 396.07202 396.05151 396.00549 395.97
-9999 401.5957 401.5502 401.41119 401.2417 401.06873 400.90228 400.7243 400.55682 400.37286 400.1759 400.01141 399.85291 399.6889 399.54193 399.37793 399.20999 399.05951 398.90399 398.76999 398.64804 398.51959 398.39459 398.2706 398.16211 398.0556 397.95459 397.86011 397.75516 397.65771 397.55719 397.47467 397.4007 397.3252 397.26068 397.2012 397.14069 397.08472 397.02722 396.98474 396.93176 396.87274 396.8158 396.7663 396.7218 396.67685 396.62646 396.58142 396.54498 396.508 396.4635 396.42749 396.37949 396.34549 396.31549 396.28299 396.24548 396.2135 396.18152 396.14801 396.1095 396.073 396.039 396.00751 395.96899
-9999 401.56519 401.49072 401.35168 401.17224 400.98975 400.8233 400.67029 400.4968 400.31284 400.13339 399.9689 399.79889 399.62042 399.47345 399.3165 399.15948 399.009 398.86349 398.72949 398.60504 398.47809 398.35309 398.23761 398.13159 398.02509 397.92215 397.82764 397.73315 397.6412 397.54071 397.4577 397.3877 397.31219 397.24719 397.18018 397.11969 397.0672 397.0097 396.95874 396.9108 396.85181 396.80829 396.75281 396.70831 396.66632 396.61594 396.57599 396.5275 396.49048 396.45251 396.41498 396.367 396.34 396.30249 396.27002 396.24298 396.211 396.17999 396.142 396.10352 396.06702 396.035 396.00351 395.96503
-9999 401.55072 401.44519 401.2782 401.10223 400.92279 400.76178 400.61877 400.45081 400.25586 400.07642 399.90942 399.74741 399.5719 399.41602 399.25751 399.1015 398.96301 398.82849 398.69153 398.5636 398.43958 398.31512 398.20261 398.0961 397.99509 397.89111 397.79416 397.70172 397.60669 397.5242 397.44971 397.37021 397.29572 397.23669 397.16919 397.10217 397.04968 396.98822 396.93225 396.87732 396.83279 396.7923 396.7438 396.69379 396.64886 396.60345 396.56799 396.52499 396.479 396.44049 396.40198 396.3645 396.33002 396.29199 396.259 396.23199 396.20151 396.16553 396.1315 396.09851 396.06201 396.03601 396.00351 395.96503
401.5647 401.51318 401.37271 401.1973 401.02728 400.8623 400.71582 400.56329 400.36383 400.17239 400.0054 399.84442 399.68939 399.51346 399.34998 399.20148 399.06201 398.93152 398.7905 398.64948 398.52859 398.40112 398.28058 398.1691 398.06659 397.9621 397.85516 397.76019 397.6637 397.5762 397.5112 397.4277 397.35419 397.2847 397.22321 397.15671 397.09369 397.03476 396.97626 396.91528 396.86078 396.8013 396.7728 396.72729 396.67929 396.63434 396.58801 396.5495 396.50848 396.4725 396.42499 396.39099 396.358 396.31299 396.27649 396.25049 396.22601 396.18848 396.16351 396.12952 396.09448 396.06403 396.02802 395.996 395.95999
401.53168 401.44019 401.29626 401.11731 400.95779 400.79932 400.64178 400.47083 400.29688 400.10638 399.9379 399.78589 399.61295 399.45096 399.29349 399.15649 399.02301 398.88699 398.75208 398.61505 398.49261 398.37262 398.2486 398.14258 398.04709 397.94464 397.83221 397.73273 397.63568 397.55621 397.4827 397.41022 397.33972 397.26721 397.19818 397.1412 397.08075 397.02179 396.96475 396.90631 396.8493 396.79633 396.7543 396.7113 396.66681 396.61688 396.57251 396.52399 396.495 396.457 396.40948 396.38101 396.34802 396.302 396.26752 396.24048 396.21649 396.18597 396.15451 396.117 396.09198 396.05652 396.02499 395.98599 395.95752
401.52521 401.39026 401.23029 401.05981 400.87979 400.72479 400.56787 400.39185 400.20892 400.05139 399.88391 399.73193 399.56494 399.39398 399.2395 399.09351 398.97101 398.83655 398.70306 398.57361 398.45111 398.33209 398.2196 398.1051 398.0116 397.92514 397.8212 397.7132 397.61371 397.52972 397.45819 397.3877 397.3222 397.2457 397.17572 397.11371 397.04626 396.98828 396.94531 396.89429 396.84381 396.79031 396.73932 396.6918 396.64481 396.60339 396.556 396.51099 396.47449 396.44049 396.3905 396.35699 396.33398 396.29901 396.26453 396.22699 396.19949 396.17151 396.14398 396.10901 396.07648 396.04901 396.01599 395.98547 395.9505
401.45367 401.31873 401.1698 401.00629 400.8233 400.6673 400.50085 400.31891 400.14841 399.99591 399.82489 399.66296 399.50348 399.3475 399.19501 399.04749 398.9205 398.79108 398.65811 398.52759 398.40509 398.28909 398.17261 398.06409 397.96814 397.8797 397.78421 397.68719 397.58771 397.5127 397.4397 397.37122 397.29221 397.22275 397.15625 397.08826 397.03082 396.9693 396.91931 396.87732 396.82977 396.77228 396.72079 396.67432 396.62878 396.58588 396.54749 396.5025 396.45651 396.42902 396.3855 396.3515 396.31952 396.28802 396.25848 396.22449 396.1925 396.1575 396.12799 396.09698 396.05951 396.03351 396.00549 395.98401 395.95001
401.38623 401.23022 401.08481 400.9213 400.76279 400.60034 400.4339 400.25641 400.08191 399.92938 399.76343 399.6015 399.4425 399.28552 399.133 398.99548 398.87305 398.74359 398.61359 398.48309 398.36359 398.24908 398.1326 398.02759 397.92865 397.84021 397.7522 397.65521 397.57471 397.49319 397.4202 397.34119 397.2702 397.20074 397.13623 397.06927 397.01181 396.9473 396.89728 396.84479 396.79681 396.73932 396.70032 396.65579 396.61029 396.5694 396.53101 396.49249 396.44901 396.42151 396.38501 396.34 396.30798 396.27649 396.24652 396.21249 396.18701 396.15201 396.121 396.0975 396.06 396.02148 396.00299 395.98151 395.94904
401.3158 401.14929 400.99481 400.84082 400.69128 400.52835 400.35742 400.17242 400.00891 399.86096 399.69501 399.53351 399.37152 399.21899 399.07349 398.93207 398.8096 398.69458 398.57159 398.44009 398.3241 398.20862 398.10059 398.00314 397.90369 397.7977 397.71521 397.6312 397.54071 397.4632 397.3837 397.3132 397.2402 397.17126 397.11426 397.05231 396.99631 396.93179 396.88177 396.81979 396.76331 396.72632 396.6788 396.62979 396.60281 396.55341 396.51099 396.48749 396.4505 396.4075 396.36902 396.32898 396.30151 396.2655 396.22949 396.198 396.17249 396.14398 396.11249 396.08551 396.06149 396.02148 395.996 395.97852 395.94604
401.2518 401.0853 400.91132 400.75232 400.60278 400.45285 400.2709 400.08591 399.93689 399.78894 399.63202 399.46802 399.306 399.164 399.0325 398.89105 398.7511 398.63708 398.5141 398.42358 398.30762 398.1666 398.06818 397.9707 397.8717 397.76471 397.68219 397.59821 397.50769 397.4267 397.35168 397.28119 397.21173 397.14426 397.08725 397.02679 396.97079 396.9213 396.8678 396.80579 396.75781 396.70581 396.65829 396.6138 396.5863 396.5369 396.49249 396.46899 396.43451 396.39001 396.3515 396.3205 396.28601 396.25 396.21552 396.18399 396.155 396.13251 396.10101 396.073 396.05899 396.01898 395.98755 395.97003 395.95151
401.1788 401.02478 400.8508 400.68036 400.51785 400.36792 400.19592 400.02789 399.87891 399.72244 399.56549 399.41049 399.259 399.117 398.98352 398.84955 398.70959 398.58008 398.48712 398.39661 398.27112 398.1301 398.01013 397.92371 397.82471 397.73621 397.64871 397.5647 397.47971 397.39868 397.32526 397.25519 397.18573 397.1268 397.06573 397.00531 396.94678 396.89728 396.84882 396.8013 396.7533 396.6983 396.64978 396.60529 396.5603 396.52539 396.48099 396.444 396.40948 396.37347 396.33701 396.306 396.27301 396.23749 396.203 396.16849 396.1395 396.1095 396.086 396.05798 396.03802 396.01804 395.98657 395.9686 395.95007
401.09631 400.94229 400.76978 400.6153 400.45285 400.29242 400.11688 399.9584 399.8009 399.64996 399.50598 399.3555 399.20401 399.07098 398.93155 398.79108 398.6636 398.53961 398.4371 398.32761 398.20209 398.09265 397.9812 397.87921 397.79871 397.71021 397.6217 397.53918 397.45419 397.37219 397.2977 397.22772 397.16418 397.10974 397.05029 396.98779 396.92529 396.8743 396.82581 396.7818 396.72528 396.67328 396.63281 396.58429 396.54382 396.5069 396.47101 396.43402 396.392 396.36401 396.32651 396.28748 396.254 396.2215 396.1825 396.15054 396.11658 396.08609 396.06354 396.0451 396.0231 395.99908 395.97607 395.95261 395.93561
401.0108 400.8663 400.70135 400.54684 400.39435 400.22589 400.05042 399.88745 399.73746 399.58649 399.42798 399.2775 399.1395 399.00455 398.86511 398.73959 398.61108 398.48709 398.3736 398.2641 398.16217 398.05713 397.94568 397.85168 397.76172 397.67322 397.58969 397.5072 397.42218 397.3407 397.2662 397.19574 397.13776 397.08331 397.01929 396.96228 396.89978 396.85181 396.80328 396.75879 396.71179 396.65979 396.61432 396.57031 396.52979 396.4874 396.45148 396.41101 396.37402 396.34601 396.31451 396.27448 396.241 396.202 396.16449 396.13257 396.09909 396.0686 396.05359 396.0336 396.0116 395.99213 395.96606 395.9426 395.91861
400.93631 400.78687 400.63287 400.48792 400.32639 400.1554 399.98941 399.83997 399.6785 399.522 399.36349 399.22748 399.07404 398.94159 398.81711 398.68762 398.56158 398.4436 398.33209 398.22467 398.1167 398.0112 397.91272 397.81769 397.7207 397.6377 397.54919 397.46973 397.38922 397.3042 397.24326 397.16525 397.10181 397.04431 396.98279 396.9223 396.87579 396.82782 396.7778 396.72729 396.68329 396.63379 396.60229 396.55829 396.5058 396.4614 396.427 396.39301 396.35651 396.32452 396.29749 396.26398 396.224 396.18051 396.14651 396.11957 396.08609 396.05011 396.01611 396.00961 396.0011 395.99109 395.96509 395.93707 395.91309
400.85379 400.71039 400.55737 400.4104 400.25189 400.07092 399.9144 399.7645 399.61151 399.465 399.32001 399.17047 399.0166 398.8941 398.7561 398.6366 398.51563 398.3956 398.28561 398.1842 398.07471 397.9617 397.86371 397.7702 397.68323 397.59772 397.5127 397.44171 397.35071 397.27832 397.20529 397.12732 397.07428 397.0278 396.95532 396.90332 396.8548 396.80981 396.74628 396.71582 396.66528 396.61932 396.5798 396.53085 396.48535 396.45239 396.41602 396.371 396.33551 396.3035 396.276 396.246 396.20349 396.16199 396.12708 396.09909 396.07306 396.04355 396.01361 395.9996 395.98907 395.97809 395.9646 395.92709 395.90109
400.79135 400.63287 400.48535 400.3349 400.1749 400.0029 399.84247 399.6955 399.55701 399.396 399.2515 399.11603 398.96912 398.84109 398.70309 398.58661 398.4621 398.34961 398.24716 398.13818 398.03369 397.9227 397.82019 397.72772 397.63818 397.5647 397.48273 397.40869 397.32275 397.2413 397.18231 397.10779 397.05328 397.00281 396.93683 396.8808 396.8313 396.7868 396.7363 396.69983 396.65082 396.59729 396.54736 396.51392 396.4819 396.44141 396.39349 396.35199 396.32251 396.289 396.245 396.22198 396.1955 396.14307 396.09961 396.07611 396.06656 396.04108 396.0141 395.9971 395.97858 395.96509 395.9426 395.9166 395.89661
400.70587 400.56241 400.41089 400.2554 400.09839 399.93439 399.78394 399.6275 399.48849 399.3335 399.181 399.05005 398.91309 398.7876 398.6626 398.53461 398.4086 398.30615 398.19916 398.09369 397.98221 397.8822 397.78168 397.6897 397.5972 397.51669 397.4437 397.3667 397.29773 397.21881 397.13928 397.09082 397.0278 396.97229 396.9118 396.85779 396.8093 396.75928 396.70978 396.6723 396.6228 396.58032 396.52979 396.49084 396.4574 396.42694 396.375 396.34 396.31152 396.271 396.23105 396.19504 396.17053 396.13406 396.08459 396.0611 396.05261 396.0361 396.0141 395.9996 395.9761 395.9581 395.92859 395.90311 395.88708
400.60083 400.4574 400.3259 400.17691 400.01541 399.86044 399.716 399.56598 399.39899 399.25702 399.1235 398.98456 398.85712 398.7316 398.6051 398.47659 398.36407 398.26114 398.1572 398.05121 397.9397 397.83771 397.73569 397.6427 397.5607 397.48718 397.40771 397.32874 397.2598 397.19281 397.11331 397.04633 396.99579 396.9433 396.88129 396.83179 396.7818 396.73682 396.68829 396.64331 396.6048 396.55029 396.50079 396.47235 396.43689 396.39697 396.35455 396.31955 396.28549 396.2435 396.20306 396.17755 396.14456 396.10663 396.07211 396.0451 396.0351 396.03058 396.0141 396.00208 395.97559 395.94812 395.92261 395.8876 395.86761
400.51691 400.38339 400.25092 400.10193 399.94846 399.79245 399.64801 399.49597 399.3465 399.2045 399.06757 398.92859 398.7991 398.66711 398.54059 398.42163 398.3121 398.20917 398.09869 397.99268 397.89221 397.78668 397.68469 397.60419 397.52271 397.44922 397.37076 397.29181 397.22131 397.15582 397.07629 397.01331 396.96228 396.90979 396.85681 396.8078 396.75781 396.70428 396.65579 396.61633 396.57535 396.52084 396.47635 396.44284 396.40741 396.37296 396.33057 396.2926 396.25848 396.21649 396.18756 396.1626 396.12961 396.09259 396.07211 396.0451 396.03259 396.02808 396.0116 395.9826 395.95612 395.93909 395.91461 395.87961 395.84912
400.45041 400.32339 400.1814 400.00696 399.86798 399.72949 399.58398 399.42798 399.28149 399.14349 399.0051 398.87311 398.74561 398.6181 398.48608 398.37415 398.26315 398.1572 398.04871 397.94019 397.8327 397.72321 397.6452 397.55869 397.48871 397.40631 397.32379 397.2558 397.18378 397.11829 397.04779 396.9928 396.93829 396.87628 396.83081 396.77979 396.72729 396.67435 396.62885 396.59085 396.54684 396.49991 396.46091 396.42389 396.38287 396.34595 396.30206 396.27155 396.23056 396.19461 396.17609 396.14261 396.12161 396.08459 396.05762 396.0401 396.0321 396.0166 395.99658 395.9686 395.9411 395.92261 395.8981 395.8761 395.85159
400.37988 400.2439 400.09546 399.9335 399.7905 399.65451 399.5145 399.3595 399.20953 399.07953 398.94757 398.8201 398.69611 398.56561 398.43665 398.33014 398.21222 398.10971 398.00171 397.8862 397.77118 397.67517 397.59775 397.51526 397.44073 397.35529 397.28479 397.22382 397.1488 397.08331 397.02332 396.9678 396.9068 396.8483 396.7948 396.73486 396.69629 396.6564 396.60989 396.56787 396.52335 396.48389 396.4444 396.40439 396.35889 396.3125 396.27701 396.24603 396.2106 396.1821 396.15509 396.11859 396.10211 396.07458 396.0401 396.0116 396.0076 395.98657 395.9751 395.9501 395.91913 395.89661 395.88062 395.8721 395.86011
400.31342 400.17096 400.02002 399.8595 399.71899 399.5715 399.43201 399.2915 399.13654 399.0036 398.8811 398.75909 398.63409 398.5051 398.38263 398.26819 398.15619 398.05219 397.94971 397.83618 397.7287 397.6312 397.54974 397.46979 397.38879 397.3078 397.2388 397.1828 397.11481 397.04379 396.9903 396.93979 396.88031 396.8223 396.7663 396.69736 396.65335 396.62683 396.58539 396.53992 396.49741 396.45239 396.41492 396.3754 396.33389 396.29349 396.25006 396.21255 396.18408 396.16809 396.1416 396.11011 396.07312 396.05011 396.02411 396.00461 395.98511 395.97162 395.95508 395.93262 395.90112 395.87909 395.86108 395.84161 395.8371
400.22992 400.08746 399.93799 399.79999 399.65149 399.50751 399.36304 399.21753 399.0766 398.95111 398.82111 398.69159 398.5686 398.44415 398.32269 398.2067 398.09421 397.99771 397.89569 397.79269 397.68518 397.59375 397.50729 397.4263 397.33978 397.2648 397.20081 397.14032 397.0723 397.00983 396.95129 396.9003 396.8428 396.78186 396.72736 396.67191 396.6329 396.59991 396.55542 396.51141 396.46741 396.42389 396.38541 396.34442 396.30792 396.26501 396.23511 396.1976 396.1626 396.15112 396.1366 396.1026 396.05109 396.01611 395.9996 395.98462 395.97058 395.9581 395.94159 395.91559 395.89011 395.8656 395.8461 395.82758 395.81812
400.16089 400.00446 399.86652 399.72852 399.57751 399.43951 399.29504 399.1496 399.01257 398.88708 398.75909 398.62961 398.50116 398.38812 398.26669 398.14868 398.0347 397.9382 397.83868 397.73569 397.64169 397.55176 397.4653 397.3833 397.3028 397.22778 397.1618 397.10132 397.0343 396.95679 396.89832 396.86081 396.81329 396.75235 396.70041 396.65289 396.61389 396.56641 396.52191 396.48291 396.4454 396.40192 396.36191 396.30939 396.27289 396.24152 396.21161 396.1936 396.16559 396.15411 396.10861 396.0726 396.02109 395.99261 395.9751 395.96008 395.93762 395.92511 395.91162 395.89758 395.8721 395.8486 395.82861 395.81012 395.80261
