Zurich/swissbathy3d_zuerichsee_2056_5728.esriasciigrid/swissBATHY3D_CHLV95_LN02_2696_1228.asc
ncols 1000
nrows 473
xllcorner 2696000
yllcorner 1228527
cellsize 1
nodata_value -9999
[rows 310 to 340 of 473, columns 897 to 965 of 1000]
388.5022 388.48169 388.42468 388.36169 388.30621 388.2522 388.20367 388.13977 388.0817 388.0137 387.97025 387.94379 387.90979 387.85831 387.81531 387.76831 387.72681 387.67932 387.6373 387.60327 387.57178 387.54279 387.5383 387.50482 387.4588 387.42981 387.40228 387.3703 387.34079 387.3063 387.26929 387.23181 387.2059 387.16229 387.11584 387.0799 387.07391 387.05139 387.02539 386.9939 386.97339 386.94989 386.9314 386.90588 386.88489 386.86938 386.84439 386.8154 386.78088 386.7634 386.75342 386.7294 386.70642 386.69391 386.68341 386.67188 386.66241 386.65338 386.6174 386.57391 386.5524 386.54388 386.53345 386.51239 386.50342 386.4884 386.45947 386.44141 386.41547
388.51617 388.49719 388.44318 388.37619 388.32068 388.27319 388.2077 388.13318 388.10025 388.04221 388.00269 387.95728 387.92828 387.88782 387.84131 387.79932 387.74429 387.69781 387.66229 387.62482 387.59229 387.56128 387.54382 387.5238 387.48932 387.45178 387.41382 387.38629 387.3573 387.32233 387.28485 387.24881 387.22385 387.19086 387.15485 387.12042 387.1069 387.07892 387.04742 387.01642 386.99591 386.97742 386.96039 386.93842 386.91339 386.8884 386.87091 386.84387 386.8284 386.80139 386.7804 386.75989 386.73889 386.7254 386.7179 386.69739 386.68738 386.6839 386.6579 386.6369 386.6044 386.57941 386.56891 386.5484 386.5289 386.52594 386.49051 386.46698 386.45496
388.5582 388.49921 388.4357 388.39471 388.34271 388.29071 388.22821 388.17126 388.12823 388.07925 388.03876 387.99924 387.95581 387.91528 387.86481 387.80829 387.76532 387.7298 387.69629 387.65131 387.62378 387.58679 387.5578 387.50781 387.48331 387.44232 387.43231 387.40381 387.3678 387.33835 387.30591 387.26984 387.24286 387.20837 387.18039 387.15338 387.13391 387.10391 387.0719 387.04391 387.02341 387.00241 386.98141 386.96442 386.9404 386.9184 386.8949 386.8804 386.8649 386.84039 386.81488 386.79291 386.77991 386.7644 386.7439 386.72638 386.7099 386.70041 386.67639 386.6554 386.63141 386.6189 386.6084 386.58691 386.56641 386.54944 386.54144 386.51794 386.49841
388.5737 388.52667 388.4632 388.4057 388.3537 388.30219 388.25421 388.19727 388.15726 388.11023 388.0697 388.02576 387.9823 387.93231 387.88428 387.82782 387.7933 387.7478 387.71429 387.68378 387.66132 387.6243 387.57928 387.5293 387.4873 387.4613 387.45129 387.41779 387.38629 387.35684 387.32785 387.29181 387.26038 387.23239 387.20441 387.18091 387.16193 387.1319 387.1004 387.07239 387.04691 387.0314 387.01041 386.99042 386.9704 386.94843 386.92242 386.90692 386.89142 386.87189 386.84641 386.8334 386.81439 386.79889 386.78088 386.75641 386.7399 386.72339 386.6994 386.68842 386.67841 386.66589 386.6409 386.61938 386.59888 386.57947 386.57147 386.5614 386.53992
388.61819 388.55768 388.49719 388.4397 388.38171 388.32971 388.27271 388.2207 388.17572 388.13269 388.09076 388.04578 388.00677 387.9588 387.90082 387.8558 387.81628 387.77829 387.73981 387.7063 387.68433 387.64832 387.6033 387.5343 387.51178 387.4978 387.46228 387.4328 387.4068 387.38129 387.35229 387.31531 387.28387 387.25739 387.22992 387.20984 387.19086 387.16138 387.12988 387.1019 387.07391 387.0509 387.0354 387.01691 386.99542 386.97388 386.9584 386.93991 386.91888 386.89941 386.8829 386.86243 386.85089 386.83337 386.8194 386.79541 386.77539 386.75238 386.7424 386.72391 386.71289 386.6889 386.6864 386.66638 386.6449 386.6214 386.60938 386.59039 386.57239
388.6467 388.58719 388.52771 388.4567 388.39569 388.34772 388.30872 388.25067 388.20068 388.16321 388.12875 388.08124 388.04028 387.97931 387.92578 387.88879 387.85229 387.79932 387.77081 387.73831 387.70728 387.66827 387.61029 387.56281 387.54431 387.51428 387.4718 387.4538 387.4068 387.38879 387.36835 387.33942 387.3049 387.28137 387.26086 387.24286 387.2124 387.17941 387.15491 387.13141 387.09839 387.07788 387.06641 387.04492 387.0239 387.00589 386.98889 386.9754 386.94788 386.9339 386.91739 386.8974 386.8779 386.86139 386.84641 386.8429 386.80991 386.78992 386.77338 386.7514 386.73889 386.7244 386.7204 386.70538 386.68195 386.66791 386.64648 386.6239 386.61139
388.67871 388.6167 388.5477 388.47668 388.41269 388.38269 388.3522 388.29169 388.24475 388.19318 388.15674 388.11124 388.05881 387.98828 387.9523 387.92529 387.8783 387.83978 387.80981 387.76331 387.7218 387.68781 387.64728 387.6033 387.5553 387.52832 387.4903 387.46478 387.41833 387.38431 387.36938 387.35141 387.33139 387.30988 387.29385 387.26941 387.24091 387.20789 387.18292 387.15692 387.13141 387.1109 387.0929 387.0799 387.0499 387.03339 387.01392 386.9989 386.97189 386.9444 386.94189 386.93188 386.91492 386.89191 386.8829 386.8739 386.8364 386.82593 386.8154 386.7959 386.78339 386.76788 386.74939 386.7384 386.72839 386.70837 386.68646 386.66791 386.65344
388.69971 388.6402 388.5752 388.5072 388.46368 388.41669 388.38269 388.3277 388.28769 388.23819 388.19424 388.13171 388.07776 388.02728 387.9823 387.94781 387.91083 387.8728 387.84277 387.79031 387.74329 387.71228 387.6713 387.63379 387.5943 387.55328 387.51785 387.4928 387.45532 387.41333 387.37436 387.34091 387.34836 387.33786 387.31989 387.29242 387.2644 387.24042 387.21088 387.1839 387.16589 387.1459 387.1239 387.10339 387.07788 387.06189 387.04141 387.02039 387.00339 386.97339 386.95639 386.95642 386.95142 386.93341 386.9144 386.90039 386.8819 386.85388 386.85141 386.83789 386.8219 386.79889 386.78439 386.76788 386.7594 386.74792 386.72192 386.7019 386.68546
388.72467 388.67371 388.6087 388.5437 388.50018 388.46271 388.40271 388.34772 388.32172 388.26819 388.22424 388.15771 388.11575 388.06531 388.02979 387.9953 387.9408 387.9003 387.8703 387.8078 387.76831 387.7373 387.7023 387.66479 387.62628 387.57928 387.54385 387.51428 387.47034 387.42834 387.40781 387.37436 387.37537 387.35437 387.3364 387.3049 387.27789 387.25391 387.23938 387.2204 387.20239 387.18091 387.15891 387.13239 387.10742 387.0914 387.0719 387.04691 387.02991 387.01489 386.99789 386.9924 386.98041 386.9624 386.95038 386.93488 386.91638 386.90338 386.88391 386.87042 386.8584 386.83539 386.81641 386.79889 386.79041 386.77591 386.75989 386.7399 386.7204
388.75317 388.70221 388.65271 388.58771 388.54221 388.48871 388.42871 388.38422 388.34369 388.29019 388.2482 388.19174 388.14978 388.11481 388.07928 388.02429 387.97931 387.93878 387.89227 387.84631 387.80682 387.76379 387.72882 387.69482 387.64929 387.60229 387.58032 387.5383 387.49432 387.46887 387.44836 387.42285 387.38739 387.36639 387.34241 387.31738 387.29041 387.2774 387.26941 387.2504 387.2319 387.21039 387.19141 387.15692 387.1319 387.1189 387.10339 387.0784 387.05939 387.0444 387.03339 387.02441 387.01239 386.9949 386.98389 386.96838 386.95941 386.93689 386.91742 386.90891 386.89691 386.8739 386.86789 386.8504 386.83392 386.81091 386.79489 386.77838 386.75891
388.76471 388.7132 388.66718 388.62421 388.5882 388.52319 388.4567 388.41919 388.3732 388.3262 388.27423 388.2168 388.20428 388.14279 388.10278 388.0578 388.02032 387.97229 387.9288 387.87982 387.83582 387.79529 387.76031 387.72131 387.66278 387.63928 387.59479 387.54828 387.5213 387.50339 387.4668 387.4314 387.40839 387.3764 387.36292 387.33289 387.30792 387.3064 387.2674 387.25241 387.2019 387.21091 387.19391 387.17542 387.1629 387.14389 387.13092 387.1134 387.09442 387.07791 387.06738 387.0564 387.03891 387.02789 387.01642 387.00592 386.98639 386.9664 386.9574 386.94739 386.93039 386.90491 386.90289 386.88489 386.85989 386.84241 386.8324 386.8154 386.80194
388.7702 388.72119 388.67767 388.66272 388.62372 388.55219 388.4967 388.4502 388.40021 388.34326 388.29926 388.24628 388.22729 388.1738 388.13928 388.0903 388.06381 388.0058 387.9538 387.90729 387.86829 387.83179 387.80429 387.74731 387.68729 387.6593 387.61481 387.57034 387.54932 387.51837 387.47531 387.44287 387.42789 387.41583 387.38989 387.35941 387.33942 387.29993 387.26093 387.23291 387.18439 387.18292 387.18591 387.18488 387.19489 387.17688 387.15192 387.1424 387.1369 387.11191 387.09888 387.08389 387.07343 387.05939 387.04791 387.0304 387.01291 386.99689 386.98889 386.97192 386.95837 386.9389 386.92188 386.90839 386.89038 386.88391 386.87091 386.8569 386.83344
388.80072 388.74371 388.69568 388.6767 388.6362 388.59021 388.53369 388.4762 388.44519 388.38675 388.33279 388.2883 388.25931 388.21429 388.1713 388.1243 388.09579 388.0553 387.99432 387.9433 387.90131 387.85931 387.83478 387.7858 387.73132 387.69128 387.66629 387.63281 387.60229 387.54535 387.50836 387.47931 387.45038 387.44037 387.43735 387.3934 387.36938 387.32489 387.2579 387.22992 387.19641 387.1709 387.17493 387.16888 387.1889 387.20441 387.18738 387.16638 387.15091 387.13989 387.12939 387.11789 387.10638 387.0874 387.07391 387.05939 387.04291 387.02692 387.01639 387.0004 386.9809 386.96887 386.9574 386.94092 386.9209 386.91141 386.9054 386.89642 386.8754
388.83618 388.78522 388.7327 388.68469 388.63519 388.59918 388.5582 388.52121 388.47321 388.42075 388.36279 388.32532 388.28976 388.24475 388.18982 388.1423 388.11981 388.07181 388.02478 387.97131 387.92432 387.89178 387.84781 387.80432 387.76181 387.72131 387.67828 387.6608 387.6203 387.58331 387.5553 387.52136 387.48041 387.46991 387.44891 387.42239 387.36438 387.3389 387.2984 387.2619 387.22839 387.20941 387.19788 387.19489 387.20889 387.20889 387.19788 387.1864 387.16089 387.14441 387.13989 387.1304 387.12991 387.1134 387.09839 387.0849 387.07141 387.05841 387.04437 387.02838 387.01291 386.99792 386.98889 386.97241 386.95789 386.9444 386.93542 386.92639 386.9024
388.87518 388.81921 388.76669 388.71417 388.66467 388.61517 388.57318 388.53619 388.49521 388.44568 388.38776 388.35828 388.32275 388.27176 388.21582 388.1683 388.12231 388.07928 388.03229 387.99078 387.95181 387.91931 387.87433 387.83081 387.77979 387.74429 387.70129 387.67181 387.6463 387.60931 387.59735 387.56342 387.52039 387.50043 387.4794 387.45288 387.40839 387.3829 387.34741 387.31091 387.29138 387.2569 387.24539 387.22339 387.21588 387.21588 387.20392 387.19092 387.16541 387.14392 387.1394 387.14392 387.14392 387.12738 387.12891 387.11792 387.1044 387.0889 387.07489 387.05841 387.04791 387.0329 387.01691 386.99991 386.98541 386.9754 386.9664 386.94592 386.92438
388.90369 388.8522 388.80319 388.75067 388.70068 388.64371 388.60071 388.55371 388.50568 388.45868 388.4238 388.38776 388.34674 388.30029 388.2493 388.1998 388.15778 388.10629 388.05829 388.0228 387.98581 387.9458 387.90082 387.86081 387.81732 387.77332 387.74481 387.70929 387.66779 387.62085 387.60889 387.59534 387.56439 387.5314 387.52991 387.4859 387.4389 387.40192 387.35638 387.32739 387.3219 387.31238 387.2934 387.2749 387.2504 387.2334 387.2034 387.19391 387.1994 387.17792 387.1734 387.16138 387.15741 387.15588 387.1514 387.1434 387.1239 387.11041 387.09189 387.08539 387.07639 387.05688 387.0419 387.02991 387.0144 387.00391 386.99438 386.9769 386.95288
388.9397 388.89169 388.84021 388.78918 388.73871 388.68372 388.63321 388.5842 388.53821 388.49725 388.45874 388.41376 388.3688 388.32129 388.27032 388.23181 388.20331 388.14081 388.09381 388.05432 388.01831 387.96631 387.9303 387.88531 387.8533 387.8208 387.79132 387.7428 387.71832 387.66583 387.65231 387.6329 387.56488 387.58087 387.5379 387.50592 387.4884 387.4549 387.3999 387.3544 387.35989 387.35791 387.3219 387.3089 387.30139 387.25891 387.23639 387.20642 387.2179 387.21942 387.18939 387.18188 387.19489 387.18091 387.1749 387.1489 387.12738 387.12091 387.10242 387.11539 387.0914 387.07642 387.0694 387.05789 387.03439 387.03339 387.02191 387.00092 386.98639
388.97769 388.92719 388.8717 388.82019 388.7782 388.7247 388.67221 388.62421 388.57471 388.52618 388.47824 388.4313 388.38928 388.34381 388.30432 388.2648 388.2338 388.1713 388.12732 388.08929 388.0498 387.9953 387.95679 387.9248 387.90179 387.86578 387.82233 387.78333 387.76529 387.7298 387.6908 387.66187 387.61139 387.60739 387.57141 387.5394 387.51538 387.4729 387.42239 387.39038 387.37988 387.37241 387.34839 387.34088 387.3374 387.31238 387.27991 387.2464 387.2319 387.24188 387.2269 387.2164 387.2244 387.20392 387.1889 387.16888 387.15991 387.13989 387.12238 387.1424 387.1124 387.1044 387.0979 387.07889 387.06091 387.05188 387.04291 387.01794 387.0054
389.0112 388.9592 388.90921 388.85522 388.8082 388.7612 388.71368 388.65921 388.6087 388.56122 388.51776 388.47031 388.40881 388.36731 388.32532 388.2923 388.2468 388.20129 388.1673 388.13629 388.07977 388.0593 388.01181 387.9613 387.93979 387.89081 387.86432 387.82431 387.8013 387.77234 387.73486 387.71335 387.6904 387.6499 387.60291 387.56589 387.54041 387.5094 387.45941 387.41742 387.40942 387.37891 387.3584 387.35739 387.34991 387.3609 387.33838 387.29938 387.28241 387.26489 387.25189 387.25189 387.22742 387.22839 387.20837 387.18491 387.18741 387.17291 387.15588 387.15741 387.1489 387.11938 387.11191 387.09439 387.08838 387.07538 387.04694 387.02802 387.0224
389.04321 388.98871 388.93872 388.89722 388.85019 388.79871 388.7507 388.69623 388.64771 388.60022 388.55676 388.50873 388.44727 388.38681 388.34229 388.3093 388.27029 388.2558 388.2218 388.17078 388.1008 388.08032 388.07181 388.0213 387.95331 387.91479 387.88831 387.86829 387.8363 387.80734 387.76285 387.74133 387.71783 387.6799 387.63287 387.59741 387.56439 387.53339 387.51141 387.46942 387.4404 387.4184 387.39789 387.38892 387.37689 387.38788 387.36938 387.3269 387.30988 387.30341 387.29041 387.2529 387.23938 387.24039 387.23138 387.20892 387.21143 387.19241 387.17542 387.17789 387.17239 387.14288 387.12741 387.11591 387.10989 387.09589 387.06744 387.05396 387.04889
389.07971 389.0242 388.9772 388.9357 388.8837 388.8342 388.78369 388.7417 388.69171 388.63971 388.59219 388.53772 388.48328 388.4303 388.37878 388.3288 388.28479 388.2663 388.22632 388.19281 388.1308 388.10382 388.09531 388.05328 387.99878 387.95679 387.9278 387.88928 387.8718 387.8363 387.79181 387.77991 387.75635 387.71335 387.65942 387.63892 387.60638 387.56293 387.54141 387.50439 387.47992 387.46091 387.4339 387.42239 387.41791 387.40839 387.38339 387.35437 387.3504 387.34387 387.32642 387.29239 387.26837 387.2749 387.25641 387.24042 387.23138 387.21088 387.19989 387.18738 387.18289 387.1759 387.15839 387.14441 387.13342 387.12491 387.10391 387.06989 387.0629
389.10721 389.0582 389.01569 388.96619 388.92218 388.8692 388.8252 388.77771 388.72968 388.68069 388.62567 388.57629 388.52679 388.46829 388.41382 388.36279 388.31677 388.2793 388.2468 388.20428 388.16528 388.14581 388.12231 388.08881 388.03778 388.0058 387.95428 387.93127 387.91382 387.86731 387.83734 387.80432 387.78479 387.74591 387.7149 387.6839 387.62439 387.58942 387.57343 387.55292 387.53391 387.50439 387.48441 387.47589 387.45441 387.42841 387.4024 387.38641 387.38391 387.38141 387.3569 387.32089 387.32489 387.30341 387.28638 387.27692 387.24689 387.24438 387.23389 387.22491 387.22192 387.2074 387.18738 387.16742 387.15289 387.13843 387.13089 387.10291 387.09692
389.13721 389.0957 389.05069 389.00372 388.95569 388.90671 388.8587 388.82071 388.76971 388.71271 388.66217 388.6138 388.55579 388.5058 388.45679 388.40829 388.3548 388.30829 388.2648 388.22479 388.1958 388.1723 388.13531 388.1178 388.08029 388.0358 388.00079 387.9693 387.93481 387.9068 387.86734 387.8378 387.81531 387.78885 387.74591 387.7009 387.65192 387.65289 387.6254 387.5899 387.5614 387.53839 387.52591 387.51141 387.4924 387.46191 387.43689 387.4209 387.40891 387.40891 387.38892 387.36938 387.3569 387.33691 387.32089 387.30991 387.28839 387.2684 387.2674 387.26291 387.24741 387.23041 387.21039 387.18591 387.17841 387.17389 387.15289 387.1424 387.12738
389.17371 389.13672 389.08771 389.03821 388.99219 388.9447 388.89722 388.84723 388.8042 388.74518 388.69568 388.64117 388.58527 388.53882 388.4928 388.4458 388.3978 388.34631 388.29932 388.25281 388.21777 388.18579 388.16132 388.13232 388.1048 388.0683 388.0498 388.01129 387.9668 387.93781 387.90936 387.87891 387.86981 387.8418 387.78082 387.73792 387.6879 387.67191 387.6669 387.62091 387.58838 387.56439 387.55591 387.5509 387.53491 387.48688 387.46442 387.45239 387.4429 387.42889 387.42389 387.40741 387.38892 387.3674 387.35291 387.3439 387.32092 387.29639 387.2959 387.28741 387.27289 387.2659 387.2424 387.22241 387.2114 387.2124 387.19641 387.16394 387.15244
389.21521 389.16718 389.11621 389.07068 389.02771 388.98218 388.93069 388.88019 388.83069 388.7822 388.7327 388.67621 388.62674 388.58029 388.53278 388.48129 388.43329 388.37979 388.3363 388.29327 388.2558 388.21332 388.1788 388.14981 388.12381 388.1048 388.08228 388.04779 388.01282 387.9808 387.96979 387.94678 387.92029 387.86633 387.82086 387.77087 387.74188 387.7124 387.68539 387.6604 387.6279 387.6044 387.58838 387.5864 387.56039 387.52191 387.49341 387.5054 387.4874 387.4769 387.4584 387.43842 387.41541 387.3819 387.36987 387.35941 387.3609 387.3414 387.31641 387.30792 387.30591 387.29691 387.27838 387.25989 387.24841 387.24292 387.2254 387.19293 387.1864
389.25269 389.2027 389.1517 389.1062 389.0632 389.00818 388.96619 388.91571 388.8667 388.81619 388.76669 388.71774 388.66827 388.6228 388.57379 388.52228 388.4718 388.42181 388.3783 388.33279 388.29327 388.25079 388.2103 388.1813 388.1488 388.12781 388.10529 388.07928 388.04932 388.0173 388.0108 387.98779 387.92935 387.8909 387.8454 387.81488 387.77838 387.7489 387.72638 387.70142 387.6669 387.6424 387.6264 387.61591 387.59088 387.5524 387.53741 387.52789 387.50989 387.49689 387.47839 387.45789 387.44839 387.41489 387.3949 387.3844 387.38589 387.36841 387.34338 387.33691 387.32239 387.31342 387.32339 387.29239 387.28088 387.26691 387.24939 387.22491 387.19647
389.28821 389.23621 389.1792 389.14221 389.1012 389.04071 388.99768 388.95471 388.90369 388.85571 388.80875 388.7533 388.70169 388.65729 388.60876 388.5578 388.50931 388.4628 388.4248 388.37482 388.3338 388.2988 388.26129 388.22528 388.18378 388.1568 388.1358 388.10382 388.07379 388.05432 388.0488 388.0108 387.94891 387.91284 387.87592 387.84839 387.81641 387.7879 387.76691 387.74091 387.6969 387.67789 387.67438 387.64838 387.61792 387.59491 387.58441 387.55341 387.53693 387.52838 387.50842 387.48639 387.4769 387.4679 387.44641 387.42889 387.41138 387.38739 387.3819 387.38287 387.35638 387.34192 387.35242 387.3244 387.30191 387.29291 387.24542 387.24487 387.23346
389.31372 389.27222 389.21771 389.17319 389.13123 389.0842 389.03522 388.98572 388.93768 388.89371 388.84619 388.79077 388.73874 388.69031 388.64276 388.59631 388.55182 388.5083 388.46631 388.42181 388.37631 388.3443 388.30933 388.26831 388.2298 388.19281 388.16479 388.13928 388.1098 388.09329 388.06885 388.03284 387.98792 387.95184 387.9209 387.8894 387.86438 387.8324 387.79889 387.77539 387.74341 387.72791 387.70889 387.6749 387.65338 387.63339 387.62439 387.5979 387.57343 387.5614 387.53839 387.52441 387.51541 387.49841 387.48792 387.46442 387.44189 387.42438 387.4194 387.4119 387.39288 387.37292 387.36139 387.3414 387.33038 387.30939 387.24695 387.2699 387.27045
389.3562 389.3067 389.2637 389.2132 389.16321 389.11572 389.07071 389.02472 388.9722 388.92719 388.88019 388.8327 388.78125 388.7478 388.69781 388.63281 388.59381 388.55328 388.50879 388.4668 388.42383 388.38431 388.3493 388.31079 388.2868 388.24982 388.20779 388.17078 388.14429 388.11581 388.09335 388.07034 388.02585 387.99286 387.96442 387.94092 387.91739 387.87891 387.84888 387.8154 387.7829 387.7709 387.7504 387.71442 387.6864 387.67291 387.66388 387.64539 387.61542 387.59088 387.58191 387.5574 387.55389 387.52692 387.50589 387.4924 387.47391 387.46039 387.45288 387.43591 387.4184 387.4024 387.38391 387.3649 387.3544 387.35089 387.30994 387.28851 387.29303
389.39618 389.35168 389.32568 389.27618 389.20367 389.1532 389.1022 389.06219 389.0152 388.9632 388.91821 388.8717 388.81769 388.78424 388.72479 388.68179 388.63678 388.58978 388.5513 388.5108 388.47278 388.43179 388.38879 388.35181 388.32928 388.2948 388.25629 388.2168 388.18481 388.1543 388.12485 388.09283 388.06531 388.03284 388.00488 387.9859 387.9549 387.9364 387.90637 387.87091 387.83841 387.80841 387.78391 387.7514 387.73489 387.72241 387.7019 387.67938 387.6579 387.62842 387.60889 387.60242 387.57642 387.54791 387.53387 387.52539 387.50839 387.49039 387.48938 387.47241 387.4469 387.42938 387.41541 387.38989 387.37592 387.37341 387.36938 387.34796 387.32196
389.4357 389.38821 389.36221 389.31271 389.2402 389.19171 389.1402 389.10022 389.05322 389.0022 388.95721 388.90417 388.85019 388.80518 388.76227 388.71924 388.67929 388.62878 388.5903 388.55429 388.51678 388.4758 388.44281 388.40579 388.3688 388.34329 388.30481 388.26532 388.2323 388.20178 388.1748 388.14282 388.10431 388.07584 388.04791 388.02484 387.99939 387.9809 387.9639 387.92841 387.8819 387.84943 387.82489 387.79388 387.77539 387.76291 387.73889 387.71838 387.6969 387.67792 387.65839 387.6394 387.61542 387.58691 387.5654 387.55191 387.53491 387.53137 387.5304 387.50641 387.4884 387.47089 387.44391 387.42188 387.4079 387.3894 387.38541 387.37491 387.35492
