Zurich/swissbathy3d_zuerichsee_2056_5728.esriasciigrid/swissBATHY3D_CHLV95_LN02_2697_1228.asc
ncols 1000
nrows 473
xllcorner 2697000
yllcorner 1228527
cellsize 1
nodata_value -9999
[rows 348 to 376 of 473, columns 0 to 64 of 1000]
387.0455 387.01752 387.00201 386.99103 386.974 386.94949 386.93549 386.92249 386.90149 386.89551 386.88202 386.86249 386.85248 386.83749 386.819 386.806 386.80255 386.78851 386.7695 386.7576 386.75455 386.75757 386.75 386.73401 386.7171 386.69958 386.70255 386.69159 386.68454 386.69098 386.69556 386.69855 386.70056 386.7041 386.6991 386.70203 386.69153 386.6911 386.69556 386.68311 386.677 386.67657 386.6666 386.66104 386.64554 386.6236 386.61011 386.60709 386.60608 386.59662 386.58609 386.57809 386.56763 386.5596 386.54163 386.53259 386.53058 386.52759 386.51611 386.51208 386.5101 386.5051 386.5011 386.50061 386.49811
387.091 387.06799 387.0415 387.0325 387.01453 386.99152 386.97552 386.95801 386.94952 386.935 386.92151 386.9025 386.88898 386.88202 386.86749 386.84802 386.83801 386.83749 386.81549 386.79706 386.7901 386.7796 386.77655 386.7735 386.75751 386.75006 386.73706 386.73105 386.71509 386.72205 386.72711 386.75455 386.75751 386.75903 386.7496 386.75204 386.74399 386.74603 386.74908 386.7251 386.7196 386.7251 386.72659 386.71109 386.69504 386.67905 386.6626 386.65909 386.66052 386.65356 386.63812 386.62811 386.61661 386.6026 386.5921 386.5816 386.57559 386.5726 386.5636 386.55609 386.55359 386.55408 386.54559 386.5441 386.53909
387.11652 387.1145 387.09198 387.0575 387.05902 387.03699 387.02399 387.00702 386.99152 386.9725 386.95898 386.94202 386.93152 386.91949 386.90051 386.88647 386.88251 386.87402 386.86407 386.83453 386.832 386.82257 386.80511 386.80457 386.81451 386.80402 386.78705 386.7901 386.7511 386.73608 386.77805 386.79553 386.80249 386.7836 386.78955 386.79449 386.80353 386.8056 386.79111 386.77405 386.77155 386.77554 386.78162 386.76611 386.75256 386.7291 386.71509 386.71109 386.71054 386.70758 386.6911 386.67609 386.66855 386.64758 386.63507 386.62708 386.62109 386.62012 386.61713 386.6066 386.60358 386.59659 386.59509 386.59109 386.58609
387.1535 387.15149 387.133 387.10303 387.10449 387.07751 387.0665 387.0495 387.03998 387.021 387.00598 386.98801 386.97751 386.96002 386.94751 386.9335 386.92249 386.90656 386.89661 386.88806 386.8855 386.8725 386.86356 386.86301 386.8595 386.86554 386.8486 386.83606 386.79706 386.79858 386.81799 386.83551 386.83856 386.83405 386.84 386.83148 386.84055 386.85156 386.85004 386.83301 386.815 386.81305 386.81909 386.81055 386.79156 386.7681 386.76257 386.75861 386.7511 386.74954 386.73303 386.72406 386.71799 386.69702 386.68707 386.67908 386.67511 386.6676 386.66461 386.66412 386.65509 386.64807 386.6391 386.6351 386.63159
387.2085 387.23602 387.185 387.17249 387.13251 387.11349 387.1055 387.09 387.06097 387.06702 387.0625 387.03 387.0145 387.0025 386.98999 386.97351 386.9675 386.95404 386.94205 386.93347 386.92902 386.92151 386.91302 386.90698 386.89252 386.89755 386.89505 386.88251 386.867 386.87952 386.88348 386.88098 386.87451 386.88098 386.87408 386.88403 386.88501 386.87506 386.87756 386.87451 386.86053 386.86212 386.84305 386.85004 386.8316 386.8186 386.81311 386.81204 386.80249 386.79401 386.78253 386.77008 386.75952 386.7536 386.74353 386.73105 386.72559 386.7196 386.71561 386.71008 386.70258 386.69012 386.68561 386.67709 386.67761
387.28851 387.297 387.241 387.20599 387.1785 387.16449 387.14301 387.12347 387.099 387.09 387.07251 387.06299 387.05151 387.04352 387.0235 387.01147 387.0025 386.9895 386.98297 386.97998 386.97449 386.96701 386.96198 386.95502 386.94501 386.93805 386.93048 386.922 386.93005 386.93649 386.931 386.92957 386.92499 386.90955 386.92303 386.92957 386.92401 386.9151 386.92902 386.92548 386.92706 386.90454 386.88605 386.89005 386.89505 386.8746 386.87854 386.86905 386.85901 386.84305 386.82449 386.82361 386.8046 386.78659 386.77954 386.77759 386.77008 386.76761 386.7576 386.75458 386.74353 386.7301 386.7186 386.7186 386.72308
387.30298 387.32651 387.27148 387.23849 387.2135 387.203 387.18298 387.172 387.14252 387.11951 387.1145 387.10199 387.09052 387.078 387.07401 387.05951 387.04498 387.0365 387.026 387.02002 387.01599 387.01251 387.0015 387.00299 386.99051 386.9855 386.97998 386.97351 386.96399 386.96301 386.97299 386.974 386.96906 386.96051 386.97162 386.96857 386.96857 386.96509 386.966 386.96899 386.98105 386.95905 386.93103 386.93451 386.94653 386.93311 386.9325 386.91254 386.9025 386.88562 386.86255 386.86404 386.83661 386.83209 386.82309 386.8251 386.81708 386.8056 386.80359 386.79608 386.75952 386.76459 386.76508 386.77112 386.76208
387.35498 387.33551 387.30048 387.27249 387.25848 387.24548 387.22449 387.2085 387.18298 387.1655 387.15948 387.14349 387.1315 387.11499 387.11151 387.104 387.09 387.0755 387.0835 387.07401 387.0585 387.05652 387.04749 387.04248 387.034 387.03052 387.02802 387.02301 387.01401 387.00153 387.00653 387.01105 387.00659 387.0105 387.02051 387.01849 387.0105 387.01154 387.01151 387.01099 387.01404 387.00211 386.97955 386.9765 386.97949 386.98199 386.9805 386.966 386.94598 386.92755 386.92105 386.90649 386.8801 386.87408 386.87561 386.87009 386.8681 386.85156 386.84412 386.8421 386.79761 386.7966 386.8226 386.80261 386.79559
387.388 387.3685 387.34448 387.32501 387.311 387.29199 387.26849 387.2525 387.237 387.21948 387.194 387.1785 387.1665 387.15851 387.14301 387.1355 387.13599 387.12048 387.12848 387.12201 387.10651 387.0975 387.0885 387.0835 387.07898 387.07397 387.07147 387.0675 387.0585 387.05701 387.03906 387.04355 387.05054 387.03448 387.04449 387.06799 387.06 387.04651 387.05151 387.05099 387.048 387.04761 387.02505 387.02451 387.01801 387.02051 387.01251 386.99799 386.99548 386.98651 386.97998 386.97705 386.95557 386.94955 386.93512 386.9296 386.9231 386.91299 386.90555 386.88312 386.88062 386.87961 386.8526 386.83258 386.8511
387.435 387.42401 387.39398 387.37048 387.353 387.336 387.31451 387.29651 387.2785 387.25949 387.24298 387.22198 387.211 387.20148 387.18951 387.18652 387.17749 387.17151 387.15997 387.1535 387.14001 387.13452 387.12851 387.12201 387.11301 387.10999 387.11349 387.1095 387.1015 387.11151 387.1015 387.095 387.091 387.07599 387.09851 387.10049 387.099 387.09448 387.08948 387.07349 387.07001 387.08255 387.07251 387.07901 387.07098 387.06348 387.05548 387.04355 387.03055 387.03799 387.026 387.013 387.00452 386.98303 386.98199 386.98254 386.98212 386.96857 386.95551 386.93649 386.93353 386.93359 386.92108 386.9061 386.90704
387.48999 387.46149 387.43201 387.4155 387.40302 387.38049 387.353 387.33801 387.32449 387.30298 387.2915 387.27551 387.26401 387.25299 387.245 387.242 387.228 387.22052 387.203 387.19598 387.19348 387.17801 387.17249 387.17102 387.15802 387.16 387.16101 387.14349 387.1485 387.16101 387.14301 387.142 387.133 387.13699 387.14001 387.14502 387.11899 387.112 387.13251 387.12708 387.12598 387.1235 387.13251 387.1355 387.11551 387.11798 387.1145 387.09552 387.09 387.06702 387.07257 387.04803 387.03162 387.017 387.01898 387.03455 387.02759 387.02448 387.0155 386.99249 386.98404 386.98608 386.9686 386.96155 386.96054
387.52948 387.5015 387.48499 387.46802 387.44901 387.43549 387.40149 387.38251 387.36902 387.35101 387.34149 387.32703 387.3175 387.29999 387.29749 387.2865 387.27499 387.26801 387.2515 387.24451 387.2355 387.2265 387.21899 387.21301 387.202 387.20551 387.2005 387.19049 387.19501 387.18951 387.18951 387.1925 387.1835 387.18451 387.18701 387.19153 387.16901 387.155 387.159 387.18951 387.17499 387.17651 387.18152 387.1785 387.16 387.1535 387.151 387.14951 387.13898 387.129 387.12701 387.10309 387.08755 387.07855 387.07349 387.08203 387.08154 387.07605 387.06653 387.04355 387.03699 387.03854 387.02911 387.02249 387.01703
387.58051 387.55151 387.5235 387.50952 387.5015 387.48248 387.46051 387.43549 387.41299 387.39749 387.3815 387.37152 387.36401 387.34949 387.34399 387.32953 387.32147 387.31149 387.29901 387.28949 387.28299 387.2735 387.26651 387.259 387.25 387.24799 387.23401 387.23199 387.23901 387.23749 387.23401 387.242 387.23599 387.2345 387.23849 387.2395 387.23102 387.20648 387.19098 387.21448 387.23849 387.22852 387.21698 387.21899 387.20648 387.20398 387.19299 387.18201 387.18649 387.18597 387.18298 387.164 387.14349 387.14252 387.14056 387.13898 387.13449 387.13007 387.13306 387.10406 387.09601 387.08856 387.08405 387.07556 387.07504
387.634 387.617 387.58502 387.5625 387.54498 387.53149 387.50952 387.48352 387.461 387.439 387.423 387.42352 387.40948 387.39899 387.38 387.3725 387.3685 387.35498 387.34302 387.3335 387.328 387.3215 387.3125 387.30048 387.29797 387.29401 387.284 387.27148 387.27551 387.28101 387.28052 387.2865 387.2865 387.27551 387.27551 387.28101 387.276 387.2515 387.23849 387.25299 387.2695 387.27148 387.26001 387.25299 387.25452 387.24652 387.237 387.241 387.23651 387.22449 387.22299 387.211 387.20349 387.20099 387.19901 387.1915 387.18701 387.18805 387.17902 387.16449 387.1506 387.14209 387.1376 387.1286 387.12811
387.681 387.664 387.64099 387.616 387.59851 387.57999 387.55652 387.53052 387.50952 387.48749 387.48651 387.474 387.46002 387.45251 387.427 387.41949 387.40201 387.39502 387.383 387.37701 387.37149 387.371 387.36551 387.35352 387.34448 387.34 387.32999 387.32599 387.33002 387.32202 387.32901 387.33502 387.32651 387.31299 387.31299 387.32751 387.32251 387.32001 387.297 387.31149 387.306 387.30798 387.29651 387.29199 387.29352 387.28552 387.28699 387.29102 387.28351 387.27252 387.271 387.33099 387.28 387.27753 387.25351 387.246 387.2395 387.23605 387.22699 387.224 387.2001 387.19159 387.19305 387.18405 387.19305
387.7355 387.711 387.69702 387.67499 387.65649 387.63251 387.6095 387.58701 387.56549 387.55151 387.54349 387.52802 387.505 387.49301 387.48001 387.46301 387.4505 387.4375 387.4295 387.42349 387.42749 387.40601 387.39951 387.392 387.39001 387.3855 387.37799 387.37399 387.375 387.37402 387.37653 387.38202 387.36951 387.35651 387.3595 387.367 387.38953 387.38452 387.36349 387.34052 387.33301 387.3425 387.3385 387.34351 387.34198 387.33099 387.33252 387.33148 387.32349 387.31601 387.32001 387.33948 387.3515 387.31799 387.30701 387.2955 387.29449 387.2865 387.2735 387.267 387.25256 387.24951 387.24301 387.23907 387.24054
387.789 387.763 387.74902 387.73102 387.70801 387.68402 387.65851 387.64099 387.61951 387.612 387.604 387.58447 387.55951 387.54749 387.535 387.51349 387.50098 387.49152 387.48352 387.47949 387.47699 387.45551 387.4415 387.43951 387.4375 387.4335 387.42599 387.42151 387.422 387.42102 387.41449 387.42551 387.41302 387.40851 387.40601 387.41351 387.41101 387.40601 387.4025 387.401 387.39349 387.39099 387.39001 387.39499 387.3905 387.37952 387.38599 387.3775 387.36951 387.36499 387.36298 387.38251 387.3765 387.36298 387.35199 387.34698 387.34601 387.33148 387.32751 387.32098 387.30798 387.30301 387.29651 387.29352 387.29498
387.8425 387.82648 387.81299 387.79498 387.76151 387.73352 387.70801 387.68799 387.677 387.66949 387.65448 387.63501 387.61798 387.59949 387.58698 387.57199 387.55701 387.54749 387.54102 387.53699 387.5235 387.51251 387.4985 387.48499 387.483 387.479 387.478 387.47351 387.47299 387.4715 387.465 387.46201 387.45349 387.44901 387.45203 387.453 387.4505 387.44849 387.44501 387.44598 387.4455 387.44299 387.439 387.4375 387.43298 387.4325 387.439 387.42999 387.423 387.41852 387.418 387.4155 387.40948 387.39999 387.39749 387.39249 387.39099 387.3765 387.3765 387.37152 387.35852 387.3595 387.3555 387.35248 387.35049
387.90802 387.88751 387.87799 387.8475 387.81799 387.79449 387.76199 387.75049 387.73749 387.7215 387.70648 387.685 387.672 387.65549 387.64252 387.6265 387.61249 387.60449 387.59448 387.5885 387.56952 387.55551 387.55151 387.53851 387.5285 387.52698 387.52249 387.526 387.52451 387.521 387.52301 387.51703 387.50101 387.49152 387.50299 387.508 387.5 387.49799 387.496 387.49048 387.49298 387.4895 387.48651 387.48248 387.4855 387.48248 387.47949 387.47299 387.4675 387.45801 387.46448 387.46552 387.45349 387.4545 387.44849 387.453 387.45148 387.4425 387.4415 387.431 387.427 387.418 387.4115 387.41449 387.41248
387.97 387.94949 387.93048 387.91251 387.883 387.84851 387.82849 387.81702 387.798 387.78198 387.76151 387.73599 387.72299 387.70697 387.69299 387.677 387.6655 387.65851 387.6485 387.63348 387.6145 387.60199 387.6015 387.5885 387.5715 387.573 387.56848 387.57648 387.57501 387.57098 387.56848 387.5625 387.55051 387.54352 387.55499 387.5535 387.5455 387.53851 387.539 387.53351 387.53998 387.53799 387.53497 387.5325 387.54001 387.53699 387.52948 387.52301 387.50949 387.509 387.5155 387.50702 387.517 387.51801 387.49951 387.504 387.5015 387.49652 387.49548 387.49249 387.48248 387.47351 387.47 387.47299 387.466
388.02496 388.008 387.98352 387.9635 387.93549 387.90601 387.88849 387.87598 387.854 387.83698 387.82098 387.79749 387.79797 387.7605 387.745 387.737 387.71951 387.70752 387.70099 387.686 387.66199 387.64899 387.6485 387.63049 387.62201 387.61551 387.61551 387.6235 387.61902 387.61652 387.617 387.6105 387.5965 387.59253 387.595 387.59448 387.582 387.57599 387.573 387.578 387.58398 387.58398 387.58002 387.57898 387.5885 387.5885 387.58099 387.5755 387.57648 387.5755 387.56451 387.565 387.57251 387.56952 387.56049 387.54901 387.54849 387.5495 387.54602 387.54102 387.53699 387.5325 387.53 387.52802 387.52051
388.08896 388.06952 388.04352 388.02252 387.9935 387.9635 387.95099 387.93152 387.91199 387.89001 387.87152 387.87149 387.849 387.8205 387.80899 387.78851 387.772 387.76398 387.75702 387.73599 387.71451 387.70801 387.69598 387.6795 387.6745 387.67749 387.67352 387.66449 387.66699 387.664 387.6665 387.6575 387.647 387.6395 387.6395 387.63098 387.61551 387.625 387.63 387.63101 387.62851 387.6355 387.6315 387.629 387.633 387.63251 387.63202 387.633 387.63699 387.621 387.6095 387.61151 387.62451 387.61249 387.603 387.6095 387.60602 387.603 387.59198 387.59149 387.59351 387.58899 387.58701 387.58701 387.582
388.15146 388.12946 388.10745 388.08148 388.04852 388.03049 388.01599 387.99402 387.97351 387.9455 387.92551 387.90448 387.892 387.88199 387.86298 387.84448 387.82751 387.81702 387.7995 387.78448 387.76801 387.7605 387.74951 387.73401 387.72748 387.7265 387.7265 387.7135 387.71698 387.71399 387.71149 387.70551 387.70648 387.69299 387.67999 387.68402 387.68402 387.68152 387.6835 387.67603 387.677 387.68152 387.668 387.67499 387.67749 387.6785 387.68048 387.6745 387.66852 387.66251 387.664 387.66901 387.677 387.66901 387.66199 387.664 387.66251 387.65802 387.65448 387.646 387.6535 387.647 387.638 387.638 387.633
388.21893 388.19196 388.1669 388.14246 388.1185 388.08701 388.08148 388.06299 388.03302 388.0105 387.98547 387.96249 387.94452 387.93048 387.91748 387.89648 387.88699 387.87451 387.85352 387.83398 387.827 387.8175 387.80701 387.7905 387.78351 387.77899 387.78052 387.77698 387.76849 387.77649 387.77051 387.75452 387.75452 387.7475 387.73599 387.72852 387.73599 387.73599 387.7305 387.729 387.7265 387.729 387.72302 387.71899 387.72751 387.72852 387.73199 387.73651 387.7215 387.70999 387.71301 387.72449 387.72852 387.72449 387.72351 387.7215 387.72 387.716 387.71051 387.70551 387.7085 387.71149 387.7005 387.69449 387.68597
388.2879 388.26089 388.23441 388.20288 388.17896 388.15601 388.14301 388.12451 388.09601 388.07349 388.04849 388.02448 388.0065 387.9895 387.96948 387.94849 387.9505 387.9325 387.9115 387.90051 387.89349 387.88049 387.86551 387.849 387.84149 387.83551 387.83701 387.8295 387.82098 387.83051 387.823 387.80701 387.80902 387.798 387.7865 387.78699 387.78549 387.78549 387.78799 387.7865 387.78601 387.78198 387.776 387.7785 387.7825 387.78351 387.78 387.78448 387.78149 387.77948 387.7825 387.78351 387.78448 387.78049 387.77701 387.77649 387.77499 387.772 387.76651 387.76648 387.75897 387.76199 387.7265 387.76001 387.7515
388.3624 388.33142 388.30139 388.2699 388.24496 388.22296 388.20996 388.1825 388.1575 388.13501 388.11151 388.08749 388.06702 388.04901 388.02899 388.02301 388.01099 387.99298 387.97751 387.96649 387.94901 387.93652 387.92151 387.914 388.00351 387.9975 387.88702 387.87952 387.87848 387.875 387.86749 387.86249 387.8555 387.84448 387.83801 387.84299 387.84149 387.832 387.8345 387.84351 387.83499 387.83099 387.827 387.8255 387.8295 387.82898 387.8255 387.83002 387.83701 387.83502 387.8345 387.83051 387.83148 387.83502 387.832 387.83148 387.83148 387.82849 387.83301 387.828 387.8205 387.78448 387.76251 387.79602 387.82202
388.42938 388.3949 388.37289 388.34192 388.31403 388.2944 388.27698 388.24548 388.22144 388.19846 388.16943 388.14996 388.13348 388.1185 388.099 388.09747 388.07501 388.04852 388.03851 388.02252 388.00452 387.99301 387.98499 387.97449 388.06351 388.01599 387.95599 387.94049 387.935 387.92999 387.91998 387.91901 387.90747 387.89648 387.89398 387.89999 387.89401 387.88599 387.89551 387.89502 387.88348 387.88251 387.884 387.87601 387.88202 387.8855 387.87952 387.88251 387.88751 387.88452 387.89301 387.88751 387.88751 387.89099 387.89001 387.888 387.89001 387.88849 387.892 387.88849 387.88348 387.8605 387.84351 387.867 387.88702
388.4949 388.46942 388.44788 388.41739 388.38846 388.3609 388.34241 388.30695 388.29996 388.26794 388.23746 388.21588 388.20447 388.18851 388.15948 388.14749 388.134 388.10651 388.09601 388.08151 388.06848 388.0585 388.04498 388.0365 388.02252 388.04199 388.01501 388.00351 387.99701 387.991 387.987 387.97852 387.96552 387.95599 387.948 387.94849 387.94849 387.9455 387.94348 387.948 387.93951 387.93597 387.9455 387.94049 387.9415 387.94699 387.94501 387.94153 387.94897 387.94952 387.957 387.952 387.94101 387.94699 387.94949 387.94452 387.94751 387.9465 387.95148 387.95551 387.95401 387.93951 387.9205 387.93597 387.95752
388.56842 388.53641 388.5119 388.48688 388.4624 388.43491 388.40692 388.37842 388.35089 388.33496 388.31094 388.2854 388.26895 388.25345 388.22449 388.207 388.19598 388.17499 388.1535 388.13901 388.12402 388.121 388.11151 388.0965 388.08551 388.07449 388.06097 388.05798 388.05103 388.043 388.03998 388.039 388.03198 388.021 388.009 388.008 388.00598 388.004 388.00201 387.9985 387.99899 387.99451 387.995 388.00101 388 388.0015 388.0025 388.00101 388.00702 388.013 388.017 388.01199 388.0065 388.00598 388.005 388.00348 388.01349 388.01651 388.01401 388.017 388.01801 388.01349 388.004 388.01501 388.0275
