Zurich/swissbathy3d_zuerichsee_2056_5728.esriasciigrid/swissBATHY3D_CHLV95_LN02_2704_1232.asc
ncols 121
nrows 1000
xllcorner 2704000
yllcorner 1232000
cellsize 1
nodata_value -9999
[rows 896 to 923 of 1000, columns 0 to 63 of 121]
397.70151 397.711 397.72949 397.73248 397.74899 397.7605 397.7785 397.78552 397.7865 397.80951 397.8215 397.83447 397.84799 397.86401 397.88098 397.905 397.92249 397.93851 397.96201 397.98651 398.00397 398.02344 398.04495 398.06946 398.08551 398.11395 398.12439 398.13647 398.16589 398.17847 398.20096 398.22546 398.24139 398.25241 398.28192 398.2984 398.31696 398.3364 398.35889 398.3714 398.38989 398.41589 398.43741 398.46289 398.49341 398.5239 398.54739 398.56592 398.58191 398.6069 398.62543 398.6554 398.67291 398.68689 398.70239 398.72391 398.74689 398.75989 398.78192 398.79791 398.8194 398.84491 398.8699 398.89639
397.69 397.71899 397.72549 397.73749 397.74899 397.76648 397.77753 397.78101 397.78949 397.81 397.82001 397.8345 397.8475 397.86499 397.89099 397.909 397.92401 397.94849 397.97302 397.98746 398.01447 398.03247 398.04996 398.0665 398.08844 398.11295 398.12396 398.15195 398.1839 398.17694 398.20038 398.2244 398.23444 398.2674 398.29239 398.33441 398.34192 398.34741 398.3584 398.3764 398.39691 398.4194 398.44391 398.46689 398.49139 398.51038 398.54138 398.55939 398.59039 398.61188 398.64789 398.6604 398.66888 398.6864 398.7074 398.72491 398.74139 398.76239 398.78839 398.80042 398.82141 398.84641 398.87891 398.8949
397.69702 397.71948 397.73096 397.74103 397.7565 397.76898 397.77594 397.79053 397.79651 397.80994 397.82199 397.83649 397.85052 397.86694 397.88794 397.90698 397.92694 397.94702 397.97351 397.99103 398.01642 398.03845 398.05396 398.0665 398.0874 398.11188 398.13037 398.14093 398.18188 398.17896 398.20239 398.2254 398.24194 398.25989 398.27692 398.31891 398.3504 398.3414 398.35492 398.37842 398.3989 398.42389 398.4454 398.4704 398.49438 398.5134 398.53241 398.5549 398.58789 398.60739 398.6434 398.65942 398.66241 398.67938 398.70691 398.72443 398.7449 398.7644 398.79089 398.80542 398.82642 398.84741 398.8779 398.89691
397.7175 397.72949 397.73798 397.74945 397.76001 397.77451 397.78351 397.793 397.80646 397.81595 397.82593 397.8335 397.85001 397.86847 397.88995 397.90945 397.92896 397.95096 397.97552 398.00153 398.01901 398.04138 398.06146 398.082 398.09338 398.11292 398.1319 398.13391 398.15442 398.18488 398.2074 398.22888 398.2504 398.26392 398.27591 398.30991 398.3324 398.34192 398.36441 398.37738 398.3999 398.4209 398.44342 398.4704 398.49542 398.51788 398.5369 398.56342 398.58838 398.61041 398.63892 398.6539 398.6629 398.6814 398.70691 398.7229 398.74689 398.76343 398.78638 398.8064 398.82642 398.84637 398.8689 398.89941
397.7225 397.72803 397.7355 397.74799 397.76544 397.77594 397.78494 397.79901 397.81046 397.81989 397.82697 397.8345 397.85001 397.86902 397.89099 397.91302 397.9274 397.94891 397.98047 398.0014 398.01843 398.04044 398.06546 398.08038 398.08838 398.11841 398.13538 398.1539 398.1774 398.19739 398.2149 398.2374 398.2554 398.26291 398.2789 398.29791 398.32141 398.3439 398.35889 398.3754 398.39291 398.4194 398.44592 398.46991 398.49789 398.51538 398.54089 398.56592 398.58591 398.61188 398.63339 398.64539 398.66791 398.69141 398.7149 398.73492 398.74792 398.76343 398.78391 398.80737 398.82489 398.8399 398.86841 398.8974
397.71948 397.72101 397.72852 397.74945 397.76495 397.77545 397.7894 397.80246 397.8139 397.82095 397.81989 397.82745 397.85199 397.87494 397.89697 397.91595 397.93042 397.9519 397.97644 397.99396 398.01099 398.03796 398.06042 398.07739 398.10141 398.1239 398.1409 398.16443 398.18591 398.19391 398.2059 398.2269 398.25241 398.2699 398.2804 398.29489 398.31488 398.33392 398.35339 398.3764 398.3999 398.42139 398.44092 398.46741 398.49188 398.5199 398.54639 398.56842 398.5889 398.6109 398.6369 398.6514 398.6709 398.69788 398.71591 398.73691 398.7529 398.76541 398.78439 398.80389 398.81689 398.84192 398.8714 398.89639
397.71945 397.72052 397.7345 397.75696 397.77396 397.77692 397.78992 397.80542 397.81696 397.82745 397.82346 397.83539 397.85089 397.87439 397.89697 397.91351 397.92996 397.95389 397.97491 397.99045 398.01538 398.0329 398.05841 398.08539 398.1044 398.11737 398.13791 398.1629 398.1734 398.18689 398.20789 398.23242 398.25839 398.27441 398.28439 398.29691 398.31439 398.33942 398.36188 398.38092 398.40091 398.41989 398.44141 398.46939 398.50092 398.52692 398.54889 398.57141 398.59091 398.6174 398.63641 398.65338 398.68091 398.6969 398.71341 398.7424 398.74841 398.75989 398.78741 398.80438 398.8244 398.8504 398.86841 398.8974
397.715 397.72495 397.74194 397.75592 397.76495 397.78394 397.79797 397.80396 397.81592 397.82645 397.83447 397.84241 397.85895 397.87891 397.89594 397.9115 397.92938 397.95139 397.97241 397.99689 398.01691 398.03589 398.06342 398.0849 398.10339 398.10938 398.13342 398.15939 398.17938 398.20142 398.21289 398.2424 398.2634 398.27789 398.29242 398.30939 398.32541 398.34692 398.3609 398.3764 398.40192 398.42688 398.44989 398.47589 398.50391 398.53091 398.55191 398.56842 398.5914 398.61688 398.63391 398.6554 398.6814 398.69788 398.70239 398.73291 398.74991 398.76489 398.7879 398.80542 398.8204 398.8439 398.8699 398.89691
397.71799 397.73441 397.75189 397.75842 397.76947 397.79141 397.80096 397.80139 397.82092 397.83142 397.84595 397.8504 397.86243 397.87891 397.89395 397.90997 397.9274 397.95389 397.9754 397.99542 398.0209 398.04089 398.0614 398.08289 398.09888 398.12689 398.14539 398.16541 398.18491 398.2084 398.22141 398.24542 398.2644 398.27393 398.29291 398.30841 398.32791 398.34491 398.36243 398.38141 398.4014 398.4274 398.45288 398.4794 398.50043 398.52991 398.55341 398.56842 398.57941 398.5874 398.63989 398.6539 398.67688 398.69189 398.70288 398.73041 398.75592 398.76392 398.7829 398.79993 398.82141 398.8399 398.86938 398.89389
397.74194 397.75098 397.75543 397.7814 397.78992 397.79291 397.8064 397.8089 397.82141 397.8389 397.84991 397.85242 397.85541 397.87042 397.89691 397.9079 397.9274 397.94839 397.97589 397.99689 398.0249 398.04541 398.06689 398.08441 398.0979 398.1214 398.14587 398.17188 398.1929 398.21838 398.23138 398.24139 398.26089 398.2764 398.29138 398.30688 398.32642 398.3454 398.36737 398.38889 398.40491 398.43188 398.45642 398.47641 398.49841 398.5239 398.54742 398.57489 398.56342 398.60638 398.62988 398.65088 398.67239 398.68738 398.7179 398.73938 398.7464 398.76038 398.78088 398.79291 398.82239 398.84491 398.87039 398.89639
397.73895 397.74539 397.75891 397.7749 397.79041 397.8089 397.81491 397.82037 397.82739 397.83789 397.8504 397.85339 397.85339 397.8804 397.89539 397.90942 397.92889 397.94989 397.9754 398.00342 398.02393 398.0484 398.06342 398.07538 398.09689 398.11789 398.14941 398.16989 398.1889 398.21039 398.22992 398.24939 398.25989 398.28137 398.29541 398.3154 398.33389 398.35089 398.3754 398.39139 398.4119 398.43292 398.4559 398.47089 398.49689 398.52289 398.54791 398.56891 398.5874 398.61441 398.62842 398.64539 398.68188 398.70441 398.71442 398.73541 398.75092 398.76392 398.77441 398.8009 398.82538 398.84991 398.8754 398.89941
397.72791 397.73242 397.74591 397.76691 397.7814 397.79993 397.81842 397.8154 397.82239 397.8349 397.85138 397.8544 397.8634 397.8779 397.89288 397.91492 397.93341 397.95441 397.98138 398.00592 398.02643 398.03992 398.06488 398.08838 398.10938 398.14038 398.15991 398.1684 398.18741 398.2149 398.22791 398.24091 398.2634 398.2829 398.30042 398.3129 398.33191 398.34943 398.37238 398.3869 398.4039 398.42792 398.44891 398.4729 398.5069 398.52942 398.5459 398.56989 398.58591 398.60638 398.62741 398.66089 398.68491 398.69592 398.71191 398.73041 398.74792 398.7634 398.78442 398.80243 398.82291 398.84991 398.87042 398.8949
397.74188 397.7439 397.74493 397.76196 397.78491 397.7984 397.8129 397.81641 397.8269 397.8429 397.8559 397.85989 397.86542 397.87988 397.89639 397.92438 397.94641 397.96591 397.9819 398.0079 398.0304 398.04938 398.07339 398.09637 398.11542 398.14642 398.16791 398.1709 398.18988 398.21289 398.22589 398.2439 398.2684 398.28741 398.30341 398.31592 398.32941 398.34589 398.3674 398.38641 398.40341 398.42242 398.4509 398.48041 398.50739 398.52991 398.5574 398.57092 398.58591 398.61188 398.6329 398.66141 398.67792 398.69791 398.71442 398.73291 398.75488 398.7674 398.78839 398.80292 398.82339 398.8494 398.87241 398.89587
397.74341 397.74438 397.7634 397.78088 397.78339 397.79138 397.81189 397.82291 397.82941 397.8454 397.85889 397.86292 397.87491 397.88739 397.90939 397.93091 397.95642 397.9754 397.9874 398.0119 398.03491 398.0509 398.0769 398.0889 398.1044 398.13791 398.15692 398.1709 398.19089 398.20038 398.2294 398.24591 398.2684 398.2854 398.30292 398.31592 398.33337 398.3494 398.36938 398.38541 398.40289 398.4234 398.44788 398.48041 398.50641 398.52942 398.5589 398.57941 398.58942 398.6134 398.64441 398.66339 398.68042 398.69592 398.7149 398.72839 398.75589 398.77338 398.7869 398.80139 398.82285 398.84735 398.87238 398.89285
397.73889 397.74539 397.76288 397.77588 397.78741 397.7999 397.81689 397.8324 397.8399 397.8494 397.86041 397.87289 397.8844 397.89838 397.9144 397.93488 397.9639 397.97888 397.99292 398.0144 398.0394 398.05792 398.0809 398.08838 398.1124 398.13489 398.1579 398.17041 398.17889 398.2099 398.2374 398.24841 398.26291 398.28339 398.30591 398.32089 398.3334 398.35388 398.37091 398.38843 398.40887 398.4259 398.44891 398.48041 398.5079 398.53241 398.55792 398.57339 398.58691 398.6189 398.6384 398.6554 398.67191 398.6904 398.70538 398.73239 398.75732 398.77185 398.78439 398.79791 398.82037 398.84335 398.86578 398.8873
397.74738 397.76038 397.7699 397.7829 397.7944 397.8089 397.8219 397.83289 397.84241 397.85941 397.86591 397.87689 397.88739 397.90289 397.9234 397.94839 397.97388 397.9859 397.9949 398.01642 398.0419 398.0629 398.08389 398.09888 398.11841 398.1474 398.17242 398.17841 398.1904 398.2139 398.22791 398.2504 398.26541 398.29041 398.30988 398.31989 398.33289 398.3544 398.37091 398.3924 398.41391 398.43491 398.46039 398.48541 398.50787 398.53241 398.55191 398.57037 398.59491 398.63239 398.6344 398.6319 398.66141 398.69235 398.7124 398.73383 398.75391 398.76889 398.7829 398.79742 398.81891 398.84192 398.86932 398.88837
397.75092 397.7674 397.7789 397.7879 397.80389 397.81342 397.81989 397.8374 397.8399 397.8559 397.8764 397.88339 397.88739 397.90289 397.9209 397.9494 397.9689 397.98492 397.99542 398.01941 398.0379 398.05939 398.08139 398.10339 398.1279 398.1524 398.16492 398.17941 398.18689 398.2059 398.23389 398.2514 398.27087 398.29489 398.3089 398.3284 398.3414 398.35992 398.38342 398.3934 398.4234 398.44391 398.46289 398.48639 398.51291 398.5329 398.55841 398.5769 398.60339 398.6084 398.62436 398.64893 398.68036 398.68686 398.71585 398.73285 398.75391 398.76685 398.77985 398.80292 398.82184 398.84839 398.86285 398.88531
397.75641 397.76788 397.77942 397.79089 397.79742 397.80688 397.82089 397.83691 397.83942 397.85889 397.87292 397.87988 397.89038 397.90588 397.92389 397.9379 397.96091 397.97693 397.99991 398.02289 398.04138 398.06439 398.0849 398.10388 398.12439 398.1409 398.1684 398.20691 398.26642 398.2554 398.24591 398.2659 398.26889 398.28638 398.30841 398.3324 398.3454 398.36441 398.38541 398.39392 398.4194 398.43988 398.46289 398.49139 398.51691 398.5394 398.56134 398.57642 398.59241 398.6109 398.64035 398.6669 398.69135 398.68933 398.71689 398.73737 398.75189 398.76831 398.78531 398.80536 398.82233 398.83884 398.85834 398.88733
397.75891 397.77142 397.78491 397.79889 397.80292 397.81342 397.82941 397.83789 397.84442 397.85541 397.87491 397.88391 397.88892 397.90689 397.92139 397.94391 397.96039 397.98242 398.0004 398.0239 398.0484 398.07089 398.0914 398.1084 398.1279 398.1554 398.18091 398.2244 398.29541 398.32339 398.30841 398.29639 398.29242 398.28839 398.30389 398.32239 398.34088 398.35889 398.37491 398.40692 398.41992 398.4389 398.4679 398.49341 398.51892 398.54138 398.56287 398.5799 398.59741 398.61688 398.62286 398.64886 398.69135 398.70886 398.71384 398.73285 398.75037 398.76727 398.7883 398.8063 398.82379 398.83978 398.85739 398.88589
397.76093 397.7709 397.78741 397.80042 397.81238 397.82291 397.83789 397.84741 397.85391 397.8649 397.87988 397.8829 397.8894 397.90942 397.92191 397.94641 397.96741 397.98938 398.00787 398.02789 398.04938 398.07288 398.09741 398.1149 398.13239 398.15839 398.18842 398.21689 398.28241 398.28589 398.27838 398.28442 398.32343 398.3139 398.31641 398.31989 398.3374 398.3609 398.3894 398.41492 398.4259 398.44391 398.46591 398.49191 398.51791 398.54086 398.56186 398.5799 398.59491 398.61539 398.63586 398.66138 398.68787 398.70477 398.72083 398.73239 398.74484 398.77228 398.7948 398.80829 398.82529 398.84134 398.86435 398.88681
397.76291 397.77539 397.78442 397.80292 397.8194 397.8284 397.8399 397.8559 397.86191 397.8764 397.87939 397.87741 397.89389 397.91589 397.9324 397.95239 397.9729 397.99539 398.01489 398.03589 398.05341 398.07739 398.10638 398.12341 398.13092 398.14841 398.18793 398.21088 398.2384 398.24188 398.24542 398.27142 398.2999 398.30438 398.31042 398.3219 398.33942 398.36139 398.38739 398.4129 398.43988 398.44339 398.46591 398.49292 398.51892 398.53839 398.55737 398.57391 398.59485 398.60739 398.64035 398.66479 398.68781 398.70584 398.71436 398.73584 398.75031 398.77332 398.79327 398.80829 398.82233 398.84381 398.86981 398.8913
397.7739 397.78989 397.79489 397.80389 397.82642 397.8324 397.84088 397.8569 397.8714 397.87738 397.88788 397.88391 397.88791 397.91391 397.93491 397.95038 397.97339 397.99341 398.01239 398.03589 398.06439 398.08038 398.1124 398.10992 398.1344 398.14941 398.1694 398.1904 398.2189 398.22388 398.24289 398.25537 398.27991 398.29639 398.3049 398.32892 398.34338 398.37042 398.3999 398.41135 398.42633 398.44736 398.47034 398.49091 398.51239 398.53888 398.5574 398.57535 398.58835 398.61029 398.64731 398.67432 398.69284 398.70279 398.71585 398.72485 398.7468 398.77478 398.79828 398.80481 398.8158 398.84229 398.86679 398.89429
397.77939 397.79388 397.78992 397.80438 397.81689 397.83841 397.8439 397.8519 397.86389 397.88037 397.8894 397.88541 397.89392 397.91339 397.93188 397.9469 397.96191 397.99139 398.0144 398.03241 398.06091 398.08789 398.09589 398.11041 398.13541 398.15039 398.1644 398.1929 398.22241 398.22189 398.24091 398.26288 398.2804 398.29639 398.30438 398.3284 398.35089 398.37741 398.40387 398.41534 398.43036 398.45081 398.46936 398.48691 398.51141 398.5379 398.55933 398.58087 398.59937 398.61682 398.65381 398.67581 398.6918 398.70831 398.71881 398.72778 398.74579 398.77728 398.8013 398.80881 398.81982 398.84131 398.86328 398.89032
397.7439 397.7854 397.7814 397.7984 397.82489 397.84641 397.8504 397.85889 397.87091 397.88489 397.90338 397.89941 397.89789 397.90991 397.92841 397.9454 397.96741 397.99689 398.0144 398.0304 398.0589 398.08441 398.1044 398.1189 398.1409 398.15839 398.16489 398.1774 398.2074 398.23239 398.24591 398.26642 398.2919 398.30542 398.31488 398.33142 398.35141 398.36835 398.38431 398.40936 398.43237 398.44931 398.47137 398.48743 398.5119 398.53784 398.55579 398.57831 398.60083 398.62286 398.64227 398.66437 398.6853 398.7023 398.71231 398.7308 398.74579 398.77081 398.79779 398.8063 398.82181 398.84332 398.86432 398.88629
397.7594 397.7814 397.80292 397.80389 397.83038 397.83539 397.85388 397.86591 397.88391 397.88141 397.90192 397.9024 397.91791 397.92542 397.93591 397.95142 397.97443 397.99139 398.01288 398.03491 398.05792 398.0784 398.1004 398.12091 398.13739 398.1489 398.1554 398.17841 398.21289 398.23041 398.2464 398.26538 398.29791 398.30939 398.3154 398.32941 398.35034 398.36685 398.38788 398.41135 398.42831 398.44788 398.47186 398.49185 398.51587 398.53882 398.56036 398.58783 398.60236 398.61929 398.64484 398.6698 398.68127 398.7038 398.71829 398.73578 398.74982 398.77478 398.79581 398.80829 398.8233 398.84531 398.8678 398.88928
397.7764 397.79041 397.79492 397.8064 397.82239 397.83841 397.85242 397.87341 397.87341 397.88391 397.89142 397.8974 397.9169 397.92542 397.9364 397.95441 397.97839 397.99741 398.01788 398.0394 398.0614 398.08038 398.10638 398.12189 398.13342 398.1434 398.16742 398.19739 398.21838 398.22189 398.2319 398.27139 398.2894 398.30341 398.31342 398.3299 398.34589 398.36584 398.3844 398.4068 398.42731 398.44385 398.46729 398.49081 398.51636 398.53979 398.55933 398.57129 398.60181 398.62381 398.64581 398.66278 398.68683 398.70081 398.7218 398.73828 398.75729 398.77728 398.79379 398.80829 398.8288 398.84979 398.8718 398.88782
397.77191 397.78888 397.80688 397.81738 397.8299 397.8429 397.8544 397.86191 397.87988 397.88739 397.89191 397.89539 397.91388 397.92688 397.93793 397.95538 397.97989 397.99591 398.0144 398.04041 398.06488 398.0834 398.10541 398.12042 398.13892 398.16339 398.17889 398.21088 398.2204 398.23083 398.24884 398.2659 398.28186 398.30988 398.31839 398.33139 398.34186 398.3678 398.38184 398.40585 398.42487 398.44336 398.46631 398.4928 398.51584 398.53781 398.55579 398.5733 398.60577 398.62732 398.64478 398.66229 398.68982 398.7038 398.72131 398.73682 398.75781 398.7753 398.79181 398.80579 398.82629 398.84631 398.86929 398.88831
397.78088 397.79041 397.81189 397.82941 397.83441 397.8414 397.85641 397.86639 397.87689 397.88892 397.89642 397.8989 397.9064 397.92389 397.94189 397.95941 397.9794 398.00238 398.01889 398.04489 398.0614 398.0899 398.1059 398.11987 398.14139 398.16937 398.19238 398.20532 398.21442 398.24536 398.25482 398.26636 398.28485 398.30988 398.32288 398.33789 398.34937 398.37183 398.38531 398.40784 398.41684 398.43878 398.4653 398.4953 398.5163 398.54681 398.57031 398.5863 398.60129 398.62482 398.64581 398.65729 398.6893 398.70731 398.72229 398.74579 398.7608 398.7778 398.79681 398.80829 398.82428 398.8468 398.86829 398.89279
