Zurich/swissbathy3d_zuerichsee_2056_5728.esriasciigrid/swissBATHY3D_CHLV95_LN02_2704_1232.asc
ncols 121
nrows 1000
xllcorner 2704000
yllcorner 1232000
cellsize 1
nodata_value -9999
[rows 924 to 951 of 1000, columns 0 to 63 of 121]
397.7724 397.79941 397.81241 397.82642 397.83789 397.85391 397.86493 397.87439 397.88141 397.88843 397.8934 397.90091 397.90741 397.92041 397.94238 397.9624 397.99289 398.01288 398.02991 398.04639 398.06989 398.09341 398.10785 398.11591 398.1344 398.16534 398.18579 398.20532 398.22833 398.23685 398.25681 398.27386 398.28885 398.30835 398.32379 398.33881 398.35583 398.36536 398.3833 398.40479 398.42279 398.44379 398.45935 398.48535 398.5228 398.54529 398.56677 398.59329 398.6073 398.63531 398.64832 398.6673 398.68732 398.70728 398.72479 398.74683 398.7648 398.77332 398.7923 398.8118 398.82532 398.84531 398.86981 398.89178
397.78839 397.80191 397.81491 397.82343 397.8389 397.85492 397.86841 397.87341 397.8804 397.8909 397.8999 397.90741 397.9144 397.92542 397.94739 397.96741 397.99341 398.0134 398.02835 398.04791 398.07141 398.09235 398.10739 398.11789 398.13535 398.15887 398.19739 398.21179 398.23041 398.24234 398.2533 398.26733 398.28531 398.31079 398.33731 398.35031 398.35785 398.36829 398.3873 398.4118 398.4288 398.44128 398.45984 398.5033 398.5343 398.54932 398.56979 398.59631 398.61877 398.62479 398.65631 398.6763 398.69879 398.71582 398.72629 398.7428 398.76282 398.77631 398.79578 398.8118 398.8288 398.8483 398.87579 398.89581
397.79141 397.80841 397.8024 397.81238 397.8364 397.8584 397.8699 397.87488 397.8869 397.89288 397.90588 397.91541 397.92542 397.9364 397.9534 397.97089 397.99139 398.0094 398.02991 398.05042 398.07684 398.09583 398.11237 398.12988 398.15039 398.16791 398.18985 398.22034 398.23489 398.24835 398.26135 398.2713 398.29932 398.3248 398.33832 398.35382 398.36481 398.3728 398.39429 398.4198 398.4418 398.45331 398.48181 398.51178 398.52979 398.54633 398.56482 398.5903 398.60327 398.61829 398.6593 398.68829 398.70178 398.71729 398.73279 398.75531 398.76981 398.78131 398.79779 398.8168 398.8313 398.85382 398.8728 398.88782
397.79691 397.80139 397.80591 397.8284 397.8429 397.85889 397.8699 397.88538 397.8934 397.89835 397.90442 397.92041 397.9274 397.9379 397.95288 397.97589 398.00391 398.01642 398.03189 398.05792 398.08481 398.10135 398.1149 398.1369 398.16385 398.18134 398.19589 398.21881 398.24384 398.26031 398.27332 398.28778 398.31128 398.32379 398.3378 398.3533 398.3743 398.38428 398.40179 398.4223 398.44431 398.46179 398.4798 398.50729 398.53027 398.54681 398.56232 398.58929 398.60828 398.62131 398.66229 398.68381 398.70029 398.7088 398.72681 398.7493 398.7713 398.78528 398.7973 398.81381 398.82831 398.8508 398.86829 398.8873
397.79089 397.79742 397.80341 397.8269 397.84589 397.85791 397.87491 397.8974 397.89191 397.89536 397.9079 397.91885 397.9274 397.93939 397.96039 397.98639 398.00986 398.01785 398.02939 398.0564 398.08331 398.10333 398.11789 398.13989 398.16479 398.18433 398.20334 398.2193 398.24329 398.26379 398.27631 398.2933 398.30679 398.32281 398.34082 398.35529 398.36981 398.38928 398.4068 398.4263 398.43878 398.45731 398.48129 398.50729 398.53278 398.5513 398.57379 398.59229 398.61182 398.62781 398.65527 398.68481 398.70279 398.70081 398.70978 398.74579 398.7688 398.78329 398.7963 398.8078 398.82678 398.84979 398.86731 398.8833
397.8064 397.81042 397.81689 397.82642 397.84839 397.8569 397.8634 397.8909 397.90991 397.89941 397.91241 397.92841 397.93781 397.94934 397.96539 397.98737 398.00781 398.0228 398.03436 398.05688 398.08337 398.10236 398.12039 398.13434 398.15884 398.17877 398.19629 398.2193 398.2403 398.25931 398.27881 398.28729 398.3053 398.3298 398.3403 398.34882 398.36932 398.38831 398.4068 398.42078 398.43829 398.45831 398.4863 398.5098 398.53479 398.55731 398.57178 398.59631 398.6098 398.63678 398.66333 398.68329 398.6918 398.68781 398.7218 398.7533 398.7688 398.7858 398.79779 398.81232 398.8273 398.84479 398.86731 398.8858
397.8064 397.80835 397.82785 397.83786 397.84387 397.8559 397.86789 397.8894 397.8999 397.90289 397.91739 397.92792 397.94336 397.95087 397.96429 397.98431 397.99939 398.01834 398.03284 398.0578 398.08234 398.10339 398.11841 398.14035 398.15833 398.17184 398.19128 398.22229 398.23981 398.26782 398.28278 398.29279 398.3013 398.31979 398.33929 398.35278 398.36829 398.38531 398.40579 398.4213 398.43982 398.46332 398.48828 398.5148 398.53333 398.55328 398.57681 398.60229 398.61682 398.63379 398.65332 398.67081 398.69379 398.71228 398.74329 398.7543 398.76331 398.78381 398.80182 398.81131 398.8248 398.84583 398.86481 398.88681
397.80441 397.81635 397.83588 397.84283 397.85535 397.8674 397.87784 397.8909 397.9014 397.90936 397.9234 397.9339 397.9314 397.93985 397.95331 397.98535 398.00433 398.02332 398.0383 398.06384 398.08838 398.10684 398.12537 398.14484 398.15186 398.17981 398.20731 398.22729 398.25128 398.2713 398.2778 398.29132 398.30328 398.32779 398.34229 398.3533 398.3678 398.38782 398.4028 398.42432 398.44431 398.47028 398.49579 398.51431 398.5368 398.55981 398.58429 398.5983 398.61328 398.63531 398.67279 398.70929 398.6973 398.71231 398.73932 398.7478 398.76428 398.7868 398.79831 398.8103 398.82581 398.84131 398.8638 398.8848
397.80286 397.82935 397.8399 397.84189 397.85638 397.8703 397.88281 397.89435 397.9043 397.91779 397.92484 397.93039 397.94183 397.94431 397.9653 397.98831 398.01831 398.03134 398.04987 398.07385 398.08929 398.11481 398.13232 398.14481 398.16333 398.18079 398.20782 398.23828 398.25531 398.2623 398.27631 398.29932 398.30981 398.3288 398.3378 398.3493 398.36981 398.38629 398.4053 398.42529 398.44781 398.4758 398.49731 398.51431 398.5358 398.56381 398.5788 398.59131 398.61682 398.67981 398.70782 398.7103 398.69232 398.69531 398.73279 398.75281 398.76779 398.78329 398.7973 398.81329 398.8288 398.84329 398.8663 398.88831
397.81781 397.82135 397.8248 397.84686 397.85382 397.86591 397.87878 397.88928 397.90088 397.90729 397.92035 397.93384 397.94531 397.95978 397.97278 397.99982 398.01678 398.03134 398.05328 398.07031 398.08929 398.1138 398.12781 398.14832 398.1748 398.19431 398.21082 398.23932 398.26031 398.2648 398.28079 398.29828 398.30731 398.32581 398.34131 398.3548 398.37482 398.38379 398.40979 398.42432 398.4458 398.47083 398.48779 398.50681 398.53278 398.55481 398.5748 398.58032 398.6188 398.67877 398.70428 398.69281 398.68829 398.70581 398.72229 398.74432 398.76678 398.77979 398.79431 398.8143 398.8288 398.84528 398.86829 398.89032
397.8143 397.8158 397.81232 397.84485 397.85382 397.86633 397.87878 397.89279 397.90289 397.90979 397.9248 397.93433 397.93433 397.95331 397.97079 397.9978 398.0213 398.0383 398.05679 398.0788 398.09631 398.11432 398.1358 398.1593 398.18433 398.19931 398.22031 398.23981 398.25781 398.26782 398.28131 398.29132 398.31281 398.33679 398.34882 398.36481 398.37531 398.3873 398.4068 398.42331 398.44281 398.45981 398.48529 398.5098 398.53381 398.5603 398.56879 398.5798 398.61481 398.64478 398.67078 398.6778 398.67932 398.69629 398.72278 398.7428 398.76581 398.7818 398.79779 398.81281 398.83279 398.84979 398.86481 398.89081
397.81232 397.82532 397.8313 397.83228 397.8468 397.86981 397.88483 397.89481 397.9053 397.91385 397.9288 397.93982 397.94281 397.95129 397.9653 397.98932 398.0173 398.0563 398.0578 398.0773 398.0993 398.1123 398.13232 398.16382 398.17578 398.18781 398.21579 398.2413 398.25681 398.26129 398.28131 398.29181 398.3233 398.34479 398.35278 398.36182 398.37579 398.38928 398.40582 398.4213 398.44531 398.4718 398.49329 398.5108 398.53632 398.56729 398.58478 398.59631 398.6228 398.64331 398.65381 398.68579 398.6868 398.7178 398.75031 398.7518 398.7673 398.78329 398.79828 398.81329 398.8313 398.84778 398.86481 398.8923
397.81384 397.82532 397.83228 397.8338 397.86185 397.87634 397.8858 397.90228 397.9068 397.91382 397.9303 397.93982 397.94781 397.95129 397.97281 397.99231 398.0253 398.0433 398.05328 398.0708 398.09579 398.1098 398.13831 398.15631 398.17029 398.18881 398.21979 398.2373 398.2403 398.25879 398.2843 398.30579 398.3338 398.34631 398.3443 398.3613 398.37878 398.3938 398.4118 398.43079 398.45178 398.47131 398.49179 398.5188 398.5433 398.5723 398.5918 398.61328 398.6398 398.66132 398.6698 398.67981 398.70581 398.7348 398.74182 398.74231 398.7598 398.78528 398.79932 398.80981 398.83081 398.85028 398.87231 398.89032
397.81384 397.82281 397.82977 397.84631 397.86078 397.87531 397.8873 397.89679 397.90131 397.9158 397.93231 397.9418 397.95129 397.9588 397.98029 398.0018 398.02179 398.03979 398.0603 398.0798 398.1048 398.12128 398.13931 398.15131 398.16278 398.1813 398.22083 398.23981 398.25879 398.2713 398.29681 398.30029 398.3273 398.33679 398.3483 398.3653 398.38379 398.39029 398.4118 398.4238 398.44479 398.47632 398.50677 398.52478 398.53979 398.56879 398.58331 398.60529 398.6333 398.6528 398.66132 398.68231 398.7113 398.72778 398.7403 398.74078 398.76331 398.78329 398.7973 398.81281 398.8338 398.84979 398.86929 398.8923
397.82379 397.82178 397.83881 397.85132 397.86578 397.88181 397.89032 397.89679 397.90631 397.91629 397.9343 397.94879 397.95532 397.96881 397.98828 398.00879 398.0293 398.04578 398.06329 398.08728 398.1138 398.12732 398.1413 398.15881 398.16479 398.19128 398.22281 398.24683 398.2713 398.29129 398.29779 398.30182 398.31979 398.32782 398.34531 398.36078 398.37781 398.39029 398.41278 398.42981 398.4498 398.48279 398.5163 398.52832 398.54633 398.56482 398.5748 398.59329 398.62878 398.6543 398.67279 398.68878 398.7063 398.71332 398.73279 398.7478 398.76978 398.7883 398.79831 398.8158 398.83978 398.8508 398.8653 398.8833
397.83881 397.83331 397.85278 397.8558 397.87231 397.88831 397.89679 397.90631 397.91479 397.9278 397.93878 397.9483 397.95428 397.9718 397.99579 398.01181 398.0253 398.04581 398.06729 398.0918 398.11627 398.12781 398.14331 398.16431 398.17731 398.2113 398.23431 398.25281 398.27728 398.28381 398.29379 398.30182 398.3233 398.33929 398.3508 398.36682 398.3848 398.39832 398.4183 398.43829 398.46179 398.4798 398.50879 398.52881 398.55078 398.56482 398.57977 398.59778 398.63281 398.65329 398.6713 398.68231 398.69379 398.7153 398.7348 398.75079 398.77429 398.79181 398.80231 398.81927 398.83331 398.8468 398.86328 398.88031
397.8403 397.83429 397.85431 397.86078 397.87482 397.89032 397.90381 397.91278 397.92081 397.9288 397.93732 397.9458 397.94681 397.9668 397.98431 398.0033 398.02032 398.04132 398.07129 398.09631 398.11679 398.13379 398.14532 398.17331 398.20129 398.2243 398.22882 398.25482 398.26929 398.28079 398.30432 398.31479 398.3298 398.34332 398.35681 398.37732 398.39032 398.4028 398.4198 398.43979 398.45929 398.4848 398.50681 398.53229 398.55579 398.5748 398.5928 398.6088 398.62979 398.65527 398.6763 398.69128 398.70779 398.72333 398.74179 398.75479 398.77631 398.78979 398.80231 398.8143 398.8298 398.85181 398.86829 398.8873
397.83582 397.84082 397.84882 397.86731 397.88281 397.89178 397.90729 397.91779 397.92682 397.9353 397.94232 397.94879 397.95679 397.9668 397.98981 398.0043 398.02481 398.03931 398.0578 398.0903 398.12079 398.13281 398.15082 398.17578 398.20081 398.21381 398.2373 398.2543 398.25879 398.29779 398.3053 398.31329 398.3298 398.34583 398.36328 398.37231 398.3913 398.40979 398.42279 398.44531 398.46729 398.48779 398.51129 398.53229 398.5563 398.58331 398.59579 398.61279 398.63177 398.6528 398.6738 398.68329 398.71332 398.7298 398.73981 398.7558 398.76532 398.78632 398.80029 398.81079 398.83179 398.84882 398.8638 398.88428
397.83481 397.8533 397.85681 397.86829 397.8743 397.88879 397.9003 397.91629 397.92679 397.93231 397.94281 397.95331 397.95831 397.97281 397.99078 398.01031 398.03528 398.05182 398.06482 398.08929 398.11081 398.12982 398.15582 398.17181 398.19427 398.20032 398.2348 398.2518 398.2623 398.28979 398.3103 398.31531 398.32678 398.35132 398.36578 398.37479 398.39529 398.41431 398.4303 398.44482 398.46429 398.48581 398.50482 398.5253 398.56128 398.58081 398.59579 398.61279 398.62729 398.64679 398.67078 398.67328 398.70978 398.72531 398.74179 398.7608 398.76782 398.7843 398.7988 398.81628 398.83429 398.84674 398.86523 398.8808
397.83881 397.85028 397.85382 397.86731 397.87628 397.89081 397.89978 397.91278 397.92328 397.9328 397.94229 397.95279 397.96579 397.9733 397.99127 398.01279 398.04279 398.05933 398.07233 398.09229 398.1138 398.13281 398.1568 398.17279 398.19031 398.20929 398.22528 398.2533 398.27579 398.2948 398.2923 398.3063 398.32178 398.34729 398.3688 398.38531 398.3988 398.41132 398.4278 398.4483 398.4693 398.4863 398.50931 398.5293 398.5658 398.59027 398.60129 398.6123 398.63031 398.65082 398.6698 398.68579 398.70428 398.71832 398.74481 398.76025 398.77826 398.78479 398.7973 398.82025 398.8418 398.85626 398.87073 398.88879
397.83279 397.84229 397.84528 397.86182 397.8793 397.89331 397.90381 397.9133 397.92429 397.9328 397.9418 397.95779 397.97028 397.97879 397.98779 398.0018 398.03082 398.04379 398.07031 398.0918 398.1163 398.12878 398.1478 398.16681 398.1893 398.2088 398.23929 398.25729 398.27881 398.28931 398.28879 398.30429 398.33029 398.3548 398.37079 398.39029 398.4043 398.41229 398.4288 398.4483 398.46729 398.49329 398.51782 398.53931 398.5668 398.58728 398.59979 398.61481 398.63428 398.65381 398.67627 398.69876 398.69781 398.71881 398.75031 398.76379 398.77228 398.79224 398.8107 398.82571 398.8457 398.85825 398.87323 398.89673
397.8298 397.83679 397.85681 397.86331 397.88129 397.89481 397.9068 397.9198 397.9263 397.93079 397.95129 397.96478 397.97778 397.9798 397.9873 398.00378 398.0213 398.0423 398.0683 398.0928 398.1138 398.12329 398.14279 398.17181 398.2023 398.2243 398.23779 398.2533 398.27332 398.2858 398.2988 398.31628 398.3298 398.35031 398.36731 398.38428 398.39929 398.4108 398.4278 398.4483 398.4718 398.4903 398.51532 398.53781 398.56531 398.58929 398.60382 398.61829 398.64331 398.66827 398.67526 398.69379 398.69775 398.7233 398.74976 398.76724 398.77875 398.80322 398.80621 398.81674 398.83423 398.85376 398.87524 398.89923
397.8353 397.8378 397.8548 397.8653 397.8833 397.89679 397.90881 397.9198 397.92529 397.93481 397.95331 397.96979 397.98581 397.99078 397.99982 398.0108 398.03333 398.05627 398.07977 398.09381 398.1153 398.1293 398.14429 398.17682 398.20279 398.22479 398.23578 398.25079 398.27979 398.28278 398.3013 398.30731 398.3338 398.35181 398.3638 398.3783 398.39529 398.40829 398.43433 398.45831 398.4693 398.48932 398.51181 398.53729 398.5643 398.5878 398.6073 398.6153 398.6358 398.6568 398.67731 398.69623 398.7063 398.72571 398.7467 398.76074 398.78131 398.79474 398.80481 398.81671 398.82623 398.84882 398.87573 398.90125
397.84882 397.84332 397.84729 397.85828 397.87628 397.89728 397.90881 397.91779 397.92929 397.9393 397.95331 397.96381 397.97681 397.98932 398.0058 398.0228 398.03931 398.0553 398.07928 398.0968 398.1228 398.14481 398.15979 398.17279 398.19781 398.21979 398.24329 398.2558 398.27179 398.26929 398.28781 398.31329 398.33679 398.35028 398.36731 398.38181 398.3988 398.41528 398.44379 398.45981 398.47083 398.4928 398.51379 398.53329 398.56729 398.59079 398.60828 398.61078 398.6243 398.65875 398.67926 398.69928 398.71228 398.72025 398.74875 398.76282 398.77826 398.79575 398.80676 398.81976 398.82928 398.84882 398.87726 398.9007
397.84583 397.85181 397.85831 397.86981 397.87982 397.8923 397.91229 397.92578 397.93381 397.94781 397.96078 397.96631 397.97479 397.98682 398.00031 398.0238 398.0433 398.06079 398.07678 398.10132 398.1243 398.1478 398.1593 398.18079 398.20581 398.23279 398.25681 398.26181 398.26379 398.2803 398.3078 398.31329 398.33728 398.34531 398.35931 398.37781 398.4003 398.4198 398.43781 398.4548 398.47528 398.49731 398.5148 398.53131 398.56174 398.59131 398.59875 398.61679 398.63373 398.65723 398.67725 398.69974 398.71173 398.7258 398.75323 398.77368 398.78223 398.79376 398.80319 398.8183 398.8382 398.8573 398.8772 398.90118
397.85883 397.8703 397.8768 397.87329 397.88928 397.90179 397.92328 397.92877 397.9368 397.9498 397.95831 397.96381 397.97479 397.99231 398.0058 398.02332 398.04132 398.05878 398.0788 398.09979 398.1228 398.14429 398.16681 398.18881 398.2168 398.23779 398.25531 398.27179 398.28381 398.29681 398.2988 398.32629 398.34332 398.34882 398.3663 398.38379 398.40082 398.41882 398.4353 398.45831 398.47681 398.49377 398.51331 398.53375 398.56622 398.58173 398.60327 398.62476 398.64474 398.6702 398.68817 398.69818 398.71271 398.73218 398.75375 398.76477 398.77777 398.79224 398.80325 398.82422 398.84076 398.85822 398.87421 398.90118
397.8508 397.8598 397.8638 397.87628 397.89029 397.90729 397.9248 397.93127 397.9393 397.95581 397.9613 397.96381 397.9693 397.98682 398.00031 398.01981 398.04028 398.0578 398.07581 398.09882 398.12482 398.14728 398.16779 398.18631 398.20181 398.21832 398.21829 398.25931 398.27679 398.28729 398.30981 398.32831 398.34583 398.3588 398.36981 398.38181 398.39832 398.42081 398.44431 398.46173 398.47229 398.49579 398.51282 398.53271 398.56128 398.58478 398.60175 398.62018 398.64618 398.66968 398.68268 398.69269 398.71219 398.73029 398.74774 398.76569 398.78369 398.79022 398.8132 398.82617 398.84119 398.85718 398.88019 398.89819
397.85028 397.8588 397.8743 397.88629 397.89478 397.9118 397.91827 397.91382 397.94479 397.95978 397.96582 397.96381 397.97333 397.98529 397.99982 398.02029 398.0448 398.06879 398.0838 398.10831 398.13031 398.15179 398.16632 398.1803 398.19482 398.19531 398.23932 398.2648 398.27081 398.28882 398.30627 398.3233 398.3363 398.35175 398.36926 398.39124 398.40781 398.42773 398.4447 398.4548 398.47681 398.49329 398.50922 398.53278 398.56378 398.58521 398.59869 398.61676 398.64221 398.6637 398.68524 398.70169 398.71674 398.7218 398.7467 398.7702 398.78171 398.79968 398.81421 398.82422 398.8367 398.8602 398.87769 398.90521
