Zurich/swissbathy3d_zuerichsee_2056_5728.esriasciigrid/swissBATHY3D_CHLV95_LN02_2697_1228.asc
ncols 1000
nrows 473
xllcorner 2697000
yllcorner 1228527
cellsize 1
nodata_value -9999
[rows 145 to 173 of 473, columns 520 to 584 of 1000]
393.3631 393.3511 393.3476 393.35809 393.35611 393.3591 393.35712 393.3486 393.3461 393.3446 393.34113 393.33612 393.33807 393.34808 393.36609 393.37811 393.38409 393.3851 393.39209 393.40161 393.4101 393.4231 393.4256 393.42609 393.43762 393.44159 393.4541 393.44611 393.44812 393.4581 393.46661 393.47559 393.47412 393.4686 393.47311 393.47311 393.46759 393.4686 393.4816 393.48911 393.49512 393.4946 393.48907 393.48059 393.4826 393.48611 393.48309 393.4986 393.5011 393.49811 393.4921 393.4841 393.48358 393.48358 393.47659 393.4696 393.46912 393.46609 393.46759 393.45459 393.43359 393.41962 393.40259 393.39661 393.3851
393.32458 393.3186 393.31509 393.3031 393.29858 393.30157 393.30212 393.30212 393.29962 393.3006 393.29712 393.2981 393.30011 393.31012 393.32062 393.32709 393.3331 393.34109 393.34808 393.35611 393.37012 393.38312 393.38208 393.38062 393.39209 393.4061 393.4201 393.41211 393.40961 393.41962 393.4346 393.43359 393.4321 393.43109 393.43561 393.43561 393.4361 393.4371 393.44659 393.4541 393.46008 393.46008 393.4556 393.44708 393.44708 393.45062 393.45459 393.45911 393.46161 393.45309 393.46008 393.45209 393.4476 393.4491 393.44208 393.4256 393.42511 393.43512 393.4306 393.4176 393.4061 393.38361 393.36658 393.37408 393.36261
393.2861 393.27209 393.2666 393.2511 393.2486 393.25211 393.25513 393.25513 393.25409 393.2496 393.26062 393.2601 393.2641 393.26761 393.2771 393.28308 393.28809 393.29358 393.30411 393.31512 393.32361 393.33258 393.32861 393.34058 393.35559 393.3566 393.37262 393.37711 393.37408 393.38062 393.39063 393.39459 393.3956 393.39508 393.39862 393.39911 393.39911 393.4006 393.41309 393.4126 393.42108 393.41861 393.41559 393.41608 393.42261 393.42361 393.41809 393.4231 393.41412 393.4176 393.42511 393.42459 393.42609 393.41959 393.40561 393.39258 393.3956 393.39111 393.39459 393.38208 393.37561 393.35309 393.35107 393.35309 393.3306
393.21811 393.20615 393.20715 393.19659 393.1926 393.20309 393.20764 393.21362 393.20911 393.20911 393.2171 393.2236 393.2251 393.23163 393.2366 393.24109 393.24512 393.25259 393.26062 393.2626 393.27411 393.27612 393.29211 393.30908 393.31561 393.31812 393.32709 393.33011 393.3331 393.33258 393.34912 393.35309 393.35608 393.35461 393.3656 393.36609 393.3631 393.3616 393.35858 393.36261 393.37259 393.37762 393.38409 393.38959 393.38361 393.38263 393.3786 393.38159 393.38211 393.3786 393.38708 393.38757 393.38562 393.38062 393.37561 393.36459 393.36658 393.36407 393.3576 393.3501 393.33911 393.33661 393.32758 393.31311 393.30261
393.15466 393.14362 393.13666 393.1272 393.12909 393.13559 393.14966 393.1557 393.15466 393.15466 393.16113 393.17661 393.1871 393.19562 393.20316 393.20758 393.21359 393.21661 393.22162 393.22211 393.22961 393.23511 393.24109 393.2691 393.2706 393.2756 393.2811 393.28558 393.29059 393.2966 393.3006 393.30908 393.30859 393.31458 393.3201 393.3251 393.3266 393.3266 393.32211 393.31711 393.3266 393.3291 393.33411 393.3436 393.35107 393.34009 393.33862 393.34109 393.34558 393.33661 393.3421 393.33911 393.34058 393.3421 393.3421 393.34061 393.34412 393.33911 393.33508 393.3251 393.3121 393.2991 393.2966 393.28058 393.26611
393.10321 393.09515 393.07315 393.07419 393.08215 393.08716 393.08615 393.09821 393.09821 393.09821 393.1091 393.12265 393.14063 393.15118 393.16064 393.1701 393.17215 393.1756 393.1796 393.18658 393.19562 393.20309 393.2056 393.21609 393.22363 393.23907 393.24509 393.24509 393.25009 393.2561 393.25958 393.2641 393.26959 393.2746 393.27911 393.28461 393.28607 393.2851 393.28659 393.28809 393.2981 393.2926 393.2901 393.2981 393.30609 393.30609 393.30411 393.3046 393.31012 393.30511 393.2981 393.3046 393.3071 393.31158 393.31509 393.3136 393.3266 393.3096 393.30161 393.2941 393.28961 393.27911 393.2576 393.24762 393.23911
393.04718 393.0452 393.04666 393.0477 393.04968 393.04669 393.04572 393.0397 393.0397 393.04871 393.06415 393.0777 393.08969 393.11121 393.12064 393.12512 393.12869 393.13214 393.13715 393.14417 393.15759 393.15961 393.16211 393.17017 393.18414 393.19958 393.2066 393.2066 393.21057 393.2196 393.22308 393.2211 393.22559 393.23059 393.23309 393.23859 393.24561 393.24811 393.2496 393.2561 393.2616 393.2561 393.2576 393.25711 393.26511 393.26312 393.26111 393.27209 393.2746 393.26959 393.26111 393.27859 393.2811 393.27759 393.2811 393.28909 393.29462 393.27759 393.2616 393.2626 393.25812 393.25009 393.2301 393.22009 393.21362
392.99069 392.98322 392.9892 393.00671 393.00571 392.9982 392.99121 392.99469 392.99271 393.0007 393.0162 393.02869 393.04019 393.06119 393.0737 393.07672 393.07919 393.0802 393.08521 393.0997 393.1087 393.11664 393.12015 393.13513 393.14514 393.1441 393.16357 393.15863 393.16815 393.1821 393.17761 393.18115 393.18365 393.18658 393.18713 393.19666 393.20361 393.20813 393.21112 393.21561 393.22061 393.22009 393.22861 393.23309 393.21912 393.2171 393.22412 393.2406 393.24811 393.23962 393.23712 393.24658 393.25208 393.2511 393.2536 393.25958 393.25958 393.2431 393.2366 393.23163 393.22211 393.20758 393.1936 393.1911 393.1846
392.93768 392.93521 392.94568 392.95221 392.9502 392.94519 392.94672 392.94519 392.94818 392.9577 392.97119 392.97772 392.99518 393.01169 393.01471 393.0177 393.02618 393.0267 393.04572 393.05072 393.06421 393.06519 393.08167 393.09418 393.09164 393.10114 393.11066 393.11621 393.13065 393.13464 393.13263 393.14471 393.14709 393.14813 393.15216 393.16266 393.16266 393.16415 393.17017 393.1741 393.18567 393.1951 393.20459 393.1991 393.18713 393.18658 393.18762 393.20209 393.2041 393.2056 393.20911 393.21808 393.22607 393.21808 393.23761 393.2316 393.22211 393.21112 393.20511 393.20258 393.1846 393.17511 393.1651 393.16409 393.15509
392.88568 392.89172 392.89221 392.9032 392.90421 392.90118 392.90472 392.9082 392.9137 392.9137 392.92322 392.9332 392.94318 392.9567 392.9617 392.96722 392.98019 392.98572 393.0022 393.0152 393.01971 393.02921 393.03772 393.05121 393.05569 393.05869 393.0632 393.07269 393.0827 393.08618 393.09363 393.10669 393.10214 393.11566 393.11963 393.12564 393.1207 393.12415 393.12769 393.13208 393.14169 393.15967 393.16611 393.16315 393.1597 393.1586 393.15915 393.16711 393.15915 393.1756 393.18909 393.19458 393.19159 393.19009 393.1976 393.19208 393.18765 393.18311 393.1756 393.16962 393.15509 393.14459 393.1376 393.13611 393.12311
392.8342 392.83319 392.83118 392.84369 392.85022 392.84671 392.85571 392.86621 392.87219 392.8732 392.8812 392.89069 392.89819 392.9072 392.91669 392.92419 392.9342 392.9422 392.95569 392.96921 392.9772 392.97919 392.99771 393.00571 393.0097 393.01721 393.02521 393.03021 393.03918 393.03021 393.04269 393.0567 393.05569 393.0697 393.0827 393.08868 393.08618 393.09064 393.09314 393.09564 393.0957 393.09915 393.1131 393.11621 393.12616 393.12759 393.13611 393.14563 393.13916 393.13763 393.1601 393.17114 393.1701 393.16461 393.15063 393.14514 393.1492 393.14417 393.14258 393.13361 393.1236 393.1116 393.11511 393.10715 393.09717
392.78918 392.79071 392.7807 392.79321 392.79669 392.79822 392.80719 392.80872 392.8147 392.8277 392.83917 392.84869 392.8562 392.8652 392.87469 392.87769 392.8887 392.8967 392.90869 392.92221 392.92572 392.93719 392.95569 392.95972 392.97119 392.9787 392.98572 392.99069 392.9827 392.9837 392.99622 393.0047 393.0137 393.02771 393.0412 393.04718 393.04871 393.0542 393.0567 393.06171 393.0567 393.06015 393.06464 393.07568 393.08563 393.10315 393.11166 393.11017 393.11713 393.11566 393.12866 393.13818 393.13715 393.12164 393.1077 393.11371 393.11871 393.11365 393.11209 393.10858 393.0986 393.09009 393.08115 393.07318 393.06815
392.7507 392.75018 392.74768 392.73721 392.74823 392.7532 392.75171 392.74768 392.75818 392.7767 392.79071 392.79718 392.8132 392.8252 392.8287 392.8302 392.8407 392.8577 392.86969 392.87421 392.88269 392.89972 392.91119 392.91971 392.9267 392.93021 392.93768 392.94019 392.94122 392.94321 392.95367 392.95319 392.96521 392.9697 392.98871 393.0032 393.0072 393.0097 393.01669 393.02667 393.02869 393.03668 393.03772 393.04071 393.04919 393.06671 393.0867 393.08521 393.0762 393.08313 393.08417 393.09421 393.10413 393.10016 393.0817 393.05521 393.06821 393.09314 393.09314 393.08716 393.0686 393.05914 393.04919 393.03369 393.02863
392.69769 392.70068 392.6897 392.69672 392.7012 392.69125 392.70221 392.70117 392.70969 392.72772 392.7377 392.7532 392.7652 392.7717 392.78671 392.78668 392.79718 392.8092 392.82123 392.82318 392.8407 392.86572 392.86871 392.8642 392.8757 392.89069 392.9017 392.9122 392.90271 392.91321 392.91321 392.91522 392.90369 392.92221 392.94321 392.95569 392.95868 392.9657 392.97321 392.98767 392.99719 393.00671 393.0097 393.01422 393.02319 393.04468 393.05069 393.04471 393.0527 393.05969 393.04871 393.06818 393.0607 393.0672 393.0452 393.02371 393.04071 393.04718 393.07166 393.05914 393.04169 393.02719 393.02472 393.0112 392.99765
392.65875 392.65771 392.65472 392.65869 392.65024 392.64478 392.65668 392.66519 392.67169 392.67969 392.69324 392.7012 392.71271 392.7207 392.73721 392.74268 392.7457 392.75623 392.7612 392.77921 392.79773 392.82071 392.8147 392.8172 392.84619 392.84521 392.8627 392.8667 392.8587 392.8732 392.87073 392.88019 392.8732 392.8912 392.90021 392.91071 392.91919 392.93121 392.93671 392.94318 392.95868 392.9722 392.98071 392.98871 392.99622 393.01367 393.01868 393.0202 393.02771 393.0177 393.02869 393.02719 393.0307 393.0307 393.02118 393.00122 392.98822 392.9967 393.03717 393.02921 393.0072 392.99869 392.99872 392.98221 392.9697
392.61774 392.62128 392.61771 392.61725 392.61823 392.61627 392.61877 392.62177 392.63324 392.64423 392.65131 392.66275 392.66675 392.67822 392.68921 392.69775 392.70175 392.7132 392.71619 392.7337 392.7482 392.7652 392.7807 392.77618 392.80518 392.81421 392.81671 392.81818 392.8067 392.81619 392.83771 392.84021 392.85471 392.85571 392.86871 392.87518 392.88171 392.8967 392.9082 392.91022 392.91971 392.9357 392.94318 392.95221 392.9657 392.97968 392.98669 392.9852 392.98669 392.99622 392.98819 392.99921 393.00018 392.9967 392.99069 392.9852 392.97369 392.9642 392.96771 392.97821 392.98071 392.9722 392.9707 392.94019 392.92572
392.57581 392.57727 392.56726 392.56525 392.56879 392.57825 392.58075 392.5798 392.58676 392.59775 392.60828 392.61725 392.62479 392.6377 392.64722 392.65524 392.65976 392.67719 392.67871 392.68719 392.70819 392.72971 392.73822 392.74371 392.75171 392.7562 392.7717 392.7767 392.7652 392.77618 392.79269 392.80621 392.8132 392.81921 392.82919 392.8392 392.8457 392.8627 392.87421 392.87671 392.89471 392.89819 392.90869 392.9202 392.93921 392.9502 392.95319 392.95172 392.96771 392.97272 392.97668 392.97821 392.97321 392.9682 392.96219 392.9567 392.9527 392.9527 392.9487 392.9407 392.94421 392.94922 392.9447 392.93073 392.90771
392.5173 392.5278 392.5148 392.51279 392.51727 392.54181 392.54431 392.54181 392.54877 392.55475 392.56281 392.57178 392.58582 392.59326 392.60275 392.61127 392.61276 392.63019 392.66022 392.6687 392.66669 392.68768 392.6962 392.70221 392.7142 392.71869 392.7262 392.7312 392.73221 392.72369 392.74017 392.7742 392.78418 392.79019 392.79718 392.80719 392.82019 392.82669 392.8382 392.84821 392.86169 392.8652 392.8717 392.8877 392.90668 392.9227 392.92572 392.93518 392.9407 392.94571 392.94571 392.9472 392.9422 392.94269 392.93671 392.93219 392.93268 392.93268 392.92072 392.92072 392.92419 392.9227 392.9212 392.90723 392.89371
392.46881 392.48029 392.4668 392.46729 392.4743 392.49481 392.49432 392.50128 392.5058 392.51331 392.5228 392.5318 392.54431 392.5498 392.55731 392.56482 392.57425 392.59021 392.61877 392.6293 392.62775 392.63275 392.64975 392.65625 392.66821 392.68372 392.68924 392.68719 392.69525 392.69019 392.70624 392.7337 392.73969 392.74323 392.76221 392.77472 392.78668 392.79572 392.80969 392.82071 392.82721 392.83368 392.84421 392.85718 392.87021 392.88071 392.88922 392.9082 392.91022 392.91821 392.91522 392.91168 392.91919 392.92322 392.91571 392.90918 392.9137 392.91119 392.89771 392.89722 392.9072 392.90469 392.89972 392.89371 392.8782
392.41931 392.4303 392.42578 392.42432 392.43127 392.4303 392.4418 392.4523 392.45731 392.4668 392.48529 392.4913 392.50079 392.51129 392.51782 392.52679 392.54279 392.55225 392.56079 392.58981 392.58032 392.58731 392.60526 392.62433 392.63477 392.64722 392.65173 392.6572 392.66431 392.67126 392.67874 392.69174 392.69519 392.70673 392.72321 392.73471 392.7482 392.76172 392.77618 392.78918 392.80573 392.8172 392.82318 392.82867 392.8302 392.84369 392.86322 392.8707 392.88422 392.89722 392.8942 392.9007 392.9017 392.90619 392.89618 392.88971 392.8952 392.8912 392.88519 392.8782 392.8837 392.88318 392.87869 392.87469 392.86322
392.3558 392.37781 392.37878 392.38678 392.38129 392.38181 392.38431 392.4003 392.4118 392.4213 392.43729 392.45081 392.45831 392.46829 392.48129 392.49631 392.50983 392.5163 392.51981 392.53528 392.53479 392.5368 392.57483 392.5863 392.60431 392.6153 392.61877 392.62476 392.63623 392.64429 392.65375 392.66974 392.67523 392.67871 392.69525 392.70575 392.71521 392.72919 392.73871 392.7482 392.76923 392.79071 392.80521 392.8082 392.81769 392.8252 392.83771 392.84369 392.85071 392.8652 392.87671 392.8877 392.88672 392.88519 392.8812 392.87869 392.8782 392.87372 392.8692 392.86819 392.86371 392.86072 392.85822 392.85468 392.8472
392.31729 392.32928 392.33929 392.34332 392.3418 392.33929 392.34579 392.36078 392.37732 392.38678 392.40082 392.4133 392.4198 392.4328 392.44431 392.45731 392.4718 392.49628 392.50281 392.5083 392.49731 392.52728 392.55579 392.55829 392.56628 392.57681 392.58282 392.58481 392.59631 392.61078 392.62024 392.63629 392.65076 392.65778 392.66779 392.68274 392.6922 392.70575 392.7132 392.71973 392.75226 392.7627 392.77472 392.78421 392.80573 392.80969 392.81622 392.82269 392.84021 392.84619 392.8537 392.85718 392.86121 392.85968 392.8707 392.86819 392.86072 392.85571 392.85571 392.8512 392.85419 392.8497 392.84119 392.83221 392.83069
392.28381 392.29028 392.3028 392.30682 392.31131 392.31281 392.31927 392.32831 392.34479 392.35529 392.36029 392.3728 392.38431 392.39529 392.4068 392.42932 392.4288 392.45331 392.47827 392.4838 392.4838 392.48682 392.51532 392.51981 392.53479 392.54529 392.54883 392.55081 392.56381 392.58032 392.58978 392.6048 392.62579 392.63281 392.65231 392.66724 392.67874 392.68979 392.69727 392.70825 392.73026 392.74072 392.74872 392.75421 392.7757 392.79022 392.79669 392.81519 392.82819 392.8342 392.8342 392.83118 392.83521 392.8367 392.84772 392.8562 392.84821 392.8432 392.8432 392.83569 392.83868 392.8392 392.82971 392.82068 392.81268
392.2543 392.26031 392.26532 392.26981 392.27631 392.28632 392.28729 392.29581 392.30731 392.3183 392.32782 392.33929 392.34882 392.3588 392.3768 392.40179 392.40829 392.4093 392.4343 392.45282 392.4563 392.46729 392.49231 392.49432 392.50378 392.5123 392.51929 392.52429 392.53329 392.54828 392.56479 392.58429 392.6008 392.61475 392.63477 392.64575 392.66077 392.6748 392.68329 392.69525 392.71121 392.7222 392.73322 392.7392 392.7532 392.7677 392.7822 392.7962 392.8157 392.80518 392.8277 392.82971 392.83121 392.82819 392.83221 392.83521 392.8327 392.82721 392.82867 392.82568 392.82019 392.8302 392.82422 392.80569 392.7977
392.21829 392.2178 392.22882 392.2363 392.24631 392.26031 392.26178 392.27179 392.2778 392.28882 392.29529 392.30579 392.3143 392.32581 392.34583 392.3653 392.37378 392.38678 392.41281 392.41632 392.42981 392.45032 392.4628 392.46381 392.47882 392.48981 392.49731 392.50928 392.51178 392.5253 392.5513 392.55731 392.57031 392.58929 392.60779 392.62128 392.63678 392.6528 392.66675 392.68326 392.69025 392.69781 392.71625 392.71771 392.73523 392.75769 392.76721 392.78326 392.78918 392.80521 392.81519 392.81821 392.81818 392.81619 392.8237 392.82568 392.82068 392.82172 392.8172 392.8082 392.8092 392.82172 392.81818 392.80017 392.79221
392.18182 392.17786 392.18381 392.19482 392.2168 392.23529 392.23932 392.24881 392.25378 392.26031 392.2673 392.2738 392.2908 392.3013 392.3143 392.32281 392.35629 392.37878 392.38782 392.3978 392.4093 392.42328 392.4353 392.45282 392.4758 392.47278 392.4758 392.49127 392.4993 392.51331 392.5358 392.5358 392.55081 392.5658 392.5863 392.6033 392.6163 392.6348 392.65076 392.67081 392.67725 392.68774 392.70325 392.71576 392.72375 392.7442 392.75671 392.77075 392.79071 392.79321 392.79221 392.80371 392.80719 392.80969 392.8147 392.81769 392.8197 392.81122 392.80969 392.80872 392.80319 392.80719 392.80319 392.7952 392.7912
392.14893 392.1539 392.15485 392.15979 392.18085 392.20084 392.20831 392.22281 392.2298 392.24078 392.24683 392.2543 392.26282 392.27979 392.2973 392.30627 392.32779 392.35779 392.3728 392.38177 392.3963 392.41132 392.4213 392.43982 392.4678 392.44781 392.45581 392.46881 392.48529 392.50128 392.52081 392.53479 392.5423 392.55328 392.56628 392.58582 392.60681 392.62329 392.63129 392.65833 392.67276 392.68524 392.69824 392.71179 392.72531 392.73776 392.75171 392.76025 392.77277 392.79272 392.79523 392.8017 392.80719 392.8002 392.80219 392.81119 392.81317 392.81519 392.80771 392.80872 392.8042 392.8002 392.7937 392.7897 392.7912
392.11536 392.12592 392.13736 392.1423 392.15991 392.17291 392.18036 392.19431 392.20581 392.2168 392.22632 392.2338 392.24982 392.26031 392.2778 392.29529 392.30981 392.33978 392.35931 392.36829 392.37531 392.3963 392.40631 392.4353 392.44733 392.42731 392.44031 392.4603 392.47681 392.48981 392.50928 392.51981 392.5368 392.54779 392.5618 392.57629 392.59729 392.61432 392.62231 392.6423 392.66528 392.6778 392.6918 392.7063 392.71979 392.73633 392.75024 392.75726 392.76825 392.78821 392.8002 392.80121 392.8067 392.79224 392.79822 392.80719 392.81119 392.8132 392.81375 392.80573 392.80121 392.79919 392.7962 392.79221 392.78619
392.0914 392.10138 392.11285 392.13141 392.12891 392.14191 392.15836 392.16882 392.1803 392.19385 392.20337 392.22284 392.24234 392.25284 392.27228 392.29129 392.30579 392.3298 392.3493 392.34882 392.3573 392.3783 392.40631 392.41528 392.42731 392.43182 392.4263 392.44629 392.4693 392.4823 392.50079 392.51779 392.53479 392.54779 392.56732 392.58179 392.59531 392.6123 392.62482 392.63229 392.65527 392.67279 392.68481 392.69928 392.71579 392.7323 392.75177 392.7662 392.77722 392.79169 392.80069 392.8017 392.7998 392.7998 392.80573 392.81519 392.81921 392.82025 392.81424 392.80621 392.80725 392.80075 392.79773 392.79468 392.7887
