Zurich/swissbathy3d_zuerichsee_2056_5728.esriasciigrid/swissBATHY3D_CHLV95_LN02_2696_1228.asc
ncols 1000
nrows 473
xllcorner 2696000
yllcorner 1228527
cellsize 1
nodata_value -9999
[rows 279 to 309 of 473, columns 897 to 965 of 1000]
387.74521 387.68121 387.61871 387.55219 387.4942 387.44067 387.38068 387.32867 387.2807 387.22919 387.17926 387.13123 387.08673 387.0488 387.00781 386.9628 386.91229 386.87378 386.8428 386.8028 386.76178 386.72031 386.68781 386.65729 386.61829 386.58829 386.55829 386.52631 386.48932 386.45679 386.42236 386.39035 386.37183 386.34686 386.31433 386.28836 386.25934 386.23541 386.20288 386.1734 386.14441 386.1189 386.0914 386.0629 386.04041 386.02692 386.00241 385.98639 385.96039 385.92639 385.89191 385.87891 385.85742 385.84442 385.8299 385.82941 385.80292 385.77539 385.77539 385.77289 385.74939 385.72491 385.7084 385.6839 385.65088 385.62341 385.58447 385.59601 385.61551
387.76971 387.71118 387.64972 387.59473 387.53473 387.4707 387.4097 387.36069 387.31119 387.25177 387.19824 387.15369 387.11224 387.07428 387.02029 386.98578 386.93628 386.89581 386.85831 386.82178 386.7803 386.73279 386.69482 386.6673 386.63531 386.61133 386.5798 386.54279 386.50677 386.47681 386.44482 386.42188 386.40137 386.36685 386.33536 386.30685 386.27991 386.2554 386.22888 386.19839 386.1694 386.1384 386.11139 386.08691 386.06039 386.0459 386.02942 385.9949 385.97089 385.9444 385.92188 385.9064 385.8909 385.8779 385.85941 385.83588 385.81488 385.79242 385.7774 385.7749 385.75842 385.74139 385.72192 385.69745 385.66495 385.63141 385.62189 385.63345 385.62653
387.80121 387.73969 387.67822 387.61771 387.55771 387.50122 387.43622 387.38721 387.33771 387.27222 387.21869 387.17273 387.13126 387.08832 387.04681 387.0123 386.96631 386.91882 386.88129 386.8558 386.80881 386.76129 386.7103 386.6828 386.6593 386.63483 386.6033 386.56628 386.53079 386.50079 386.47534 386.45239 386.42389 386.38892 386.35742 386.32941 386.30438 386.27991 386.25488 386.2244 386.1944 386.16388 386.1369 386.1044 386.0864 386.0719 386.04639 386.01788 385.9939 385.97192 385.9494 385.93188 385.91589 385.90289 385.88489 385.85687 385.83588 385.8089 385.79388 385.78088 385.75641 385.73938 385.72391 385.70041 385.66791 385.66589 385.6564 385.64594 385.64203
387.82568 387.75519 387.69519 387.64069 387.5687 387.51221 387.45868 387.4032 387.3537 387.29968 387.24875 387.20276 387.15027 387.1073 387.06982 387.03381 386.98779 386.95178 386.9028 386.87732 386.8443 386.78632 386.75378 386.71329 386.68979 386.65329 386.6283 386.59131 386.56079 386.53131 386.50131 386.47437 386.44586 386.40887 386.37891 386.35089 386.32593 386.30139 386.2764 386.24689 386.21692 386.19141 386.1604 386.1279 386.10089 386.09589 386.0704 386.04041 386.01538 385.9939 385.9729 385.95538 385.93439 385.9169 385.8989 385.87488 385.85541 385.8284 385.81592 385.80292 385.77588 385.7529 385.73743 385.71741 385.69446 385.69244 385.68292 385.67245 385.65445
387.8472 387.77319 387.71271 387.65219 387.59219 387.5307 387.48218 387.42767 387.3717 387.3208 387.27118 387.23132 387.18124 387.12531 387.09229 387.05081 387.00729 386.94681 386.9303 386.8913 386.85779 386.81628 386.7883 386.7518 386.71881 386.6828 386.64832 386.6188 386.58832 386.55481 386.53479 386.51379 386.47388 386.43579 386.3988 386.37738 386.35739 386.32739 386.29889 386.2684 386.23691 386.20892 386.18591 386.15991 386.14038 386.10791 386.09589 386.06641 386.0419 386.02191 386.00342 385.97888 385.9534 385.93439 385.9119 385.90088 385.87189 385.86041 385.84637 385.8219 385.79739 385.7739 385.75995 385.737 385.71844 385.71545 385.70197 385.67841 385.66599
387.88318 387.80621 387.73468 387.6767 387.62421 387.5582 387.51172 387.45221 387.39819 387.34174 387.2988 387.25323 387.20282 387.15082 387.1098 387.07629 387.0383 386.9823 386.94232 386.90979 386.8783 386.8493 386.82129 386.78479 386.7413 386.71579 386.6828 386.64981 386.61829 386.58429 386.5603 386.5343 386.51581 386.46631 386.43436 386.40436 386.3829 386.35138 386.3269 386.29541 386.26941 386.2384 386.2084 386.18188 386.1629 386.13641 386.10941 386.08441 386.05991 386.04492 386.02991 386.00439 385.97339 385.94989 385.93439 385.9144 385.89838 385.88489 385.86841 385.84088 385.81238 385.79489 385.7789 385.76096 385.74194 385.73145 385.71997 385.68945 385.67294
387.90671 387.8392 387.76971 387.7182 387.6597 387.59222 387.52069 387.4577 387.4137 387.37622 387.33221 387.28326 387.2283 387.1763 387.1438 387.10379 387.07129 387.02582 386.97778 386.93628 386.90631 386.87628 386.85278 386.81329 386.77179 386.73431 386.7038 386.67279 386.6423 386.61584 386.58234 386.55435 386.52835 386.49936 386.46783 386.4364 386.40839 386.37439 386.3494 386.3259 386.2999 386.26788 386.23639 386.21039 386.1824 386.15991 386.13391 386.10992 386.0849 386.0694 386.05341 386.02838 386.00092 385.97791 385.9574 385.93991 385.92291 385.90887 385.87939 385.8519 385.83844 385.81946 385.80042 385.77594 385.76044 385.75446 385.72845 385.69794 385.70044
387.93219 387.8692 387.79968 387.73569 387.67719 387.61823 387.5592 387.49622 387.4462 387.39819 387.35419 387.29376 387.2388 387.20679 387.1658 387.12579 387.09528 387.05078 387.00281 386.96881 386.93231 386.90228 386.87378 386.83429 386.79181 386.76031 386.7298 386.6973 386.66229 386.63586 386.61786 386.58984 386.55035 386.52393 386.4924 386.46338 386.4404 386.40637 386.37689 386.35339 386.3194 386.2984 386.26691 386.23889 386.20288 386.18042 386.16193 386.1369 386.11188 386.09338 386.07739 386.05991 386.03088 386.0079 385.98489 385.96591 385.94891 385.92688 385.8974 385.87341 385.8559 385.83691 385.81989 385.80396 385.78845 385.758 385.73199 385.72699 385.71747
387.96118 387.89371 387.8287 387.76471 387.71271 387.6412 387.57971 387.5177 387.46771 387.42719 387.36279 387.30078 387.26831 387.23431 387.18732 387.14532 387.11481 387.0788 387.02179 386.98779 386.95731 386.92181 386.89331 386.85779 386.8233 386.79279 386.75079 386.7178 386.68829 386.66681 386.6488 386.60785 386.57489 386.5484 386.52191 386.50043 386.47089 386.43842 386.41388 386.37988 386.34338 386.3194 386.29291 386.27087 386.23489 386.21143 386.18793 386.1629 386.1409 386.12241 386.09839 386.0769 386.05542 386.02942 386.00989 385.99139 385.98041 385.95038 385.91937 385.89941 385.87842 385.85388 385.83044 385.81897 385.8009 385.79297 385.76898 385.74844 385.73944
387.98969 387.92322 387.85968 387.80569 387.7392 387.67072 387.61169 387.5567 387.50922 387.45724 387.39777 387.34125 387.30774 387.26678 387.21231 387.19879 387.15082 387.0968 387.06079 387.02481 386.97079 386.9483 386.91882 386.8808 386.82581 386.8053 386.78229 386.74432 386.72681 386.69379 386.6658 386.63379 386.60739 386.5809 386.55988 386.53241 386.49792 386.47839 386.4379 386.3999 386.3689 386.34338 386.3244 386.29388 386.26489 386.24042 386.21539 386.1904 386.1709 386.14691 386.12689 386.09589 386.07541 386.0499 386.03491 386.0249 385.99789 385.96689 385.95041 385.9324 385.90741 385.88043 385.85995 385.84192 385.82544 385.81647 385.79694 385.78394 385.76495
388.02368 387.95172 387.89319 387.83319 387.7717 387.70819 387.64221 387.58618 387.53821 387.48822 387.43771 387.38269 387.33276 387.29327 387.23932 387.20279 387.15729 387.1268 387.08179 387.0528 387.01178 386.97229 386.93781 386.90228 386.84229 386.83331 386.80731 386.77832 386.75281 386.72229 386.68982 386.67133 386.63785 386.61292 386.59186 386.56842 386.5354 386.4989 386.45941 386.43188 386.39639 386.37592 386.35489 386.31738 386.2959 386.25189 386.23792 386.22491 386.20038 386.17291 386.14691 386.12491 386.10492 386.07941 386.06439 386.04889 386.01941 385.99487 385.97742 385.96146 385.93396 385.9119 385.9024 385.87946 385.85443 385.83594 385.81738 385.80652 385.78601
388.05872 387.99371 387.92468 387.86469 387.80719 387.74219 387.67719 387.61621 387.5672 387.51672 387.46619 387.4162 387.36526 387.31531 387.27081 387.22479 387.1853 387.14978 387.10779 387.07129 387.03882 387.00781 386.96729 386.9198 386.89679 386.8678 386.83429 386.80328 386.77881 386.75378 386.72083 386.6958 386.65689 386.62592 386.62091 386.60291 386.5719 386.53339 386.49341 386.46838 386.43939 386.4079 386.37891 386.3454 386.31738 386.2934 386.25342 386.2504 386.23239 386.20239 386.17291 386.14642 386.12842 386.11292 386.08942 386.0694 386.04239 386.02289 386.0094 385.9809 385.95294 385.93896 385.92242 385.90845 385.89203 385.86349 385.84195 385.81744 385.8045
388.09521 388.02667 387.9577 387.90219 387.8447 387.7782 387.7132 387.65222 387.60519 387.5437 387.49319 387.44019 387.40076 387.3508 387.29681 387.25079 387.21527 387.17181 387.12982 387.0968 387.0668 387.0358 386.98328 386.93579 386.9183 386.88831 386.8548 386.8313 386.8063 386.78131 386.75281 386.72778 386.68289 386.6629 386.6579 386.61639 386.59338 386.5549 386.51892 386.50043 386.47141 386.44092 386.41193 386.37592 386.34741 386.32339 386.30139 386.2739 386.25589 386.22739 386.19788 386.1759 386.14691 386.13141 386.11792 386.09589 386.06891 386.0499 386.03088 386.00238 385.98389 385.96991 385.9469 385.92548 385.909 385.89197 385.86551 385.841 385.83249
388.1232 388.05469 387.99219 387.93671 387.87769 387.81567 387.7507 387.69818 387.6427 387.58121 387.52667 387.47269 387.43323 387.3858 387.33179 387.2883 387.23779 387.19431 387.15228 387.1203 387.0903 387.04132 386.9888 386.9718 386.9368 386.9068 386.88629 386.85681 386.83179 386.80579 386.77728 386.75189 386.73132 386.71136 386.67886 386.64587 386.62286 386.57739 386.5564 386.5379 386.5029 386.47241 386.44141 386.41791 386.3894 386.36438 386.33087 386.30341 386.28241 386.25391 386.23138 386.2049 386.1759 386.16241 386.1409 386.1189 386.09637 386.07141 386.0524 386.02838 386.00989 385.99493 385.96838 385.94696 385.93689 385.91797 385.89151 385.87152 385.86298
388.13669 388.0817 388.03021 387.9707 387.9137 387.85468 387.79721 387.73322 387.6777 387.62869 387.57269 387.51923 387.47028 387.4158 387.36731 387.31232 387.26379 387.21832 387.1788 387.1438 387.10031 387.0498 387.02832 387.0033 386.96478 386.9393 386.9108 386.8833 386.85931 386.81927 386.80435 386.78735 386.75378 386.73633 386.71539 386.69232 386.64789 386.62091 386.6124 386.56641 386.54041 386.4989 386.48438 386.4559 386.42191 386.39441 386.36389 386.33691 386.31238 386.28839 386.26093 386.22989 386.20142 386.18188 386.16138 386.1499 386.1239 386.09891 386.07843 386.05341 386.03796 386.00989 385.98996 385.9754 385.96191 385.93695 385.91351 385.8985 385.89099
388.15668 388.10669 388.0672 388.0097 387.95972 387.8967 387.83423 387.78967 387.7287 387.67218 387.6142 387.56378 387.50531 387.44479 387.3913 387.34082 387.29529 387.2518 387.20929 387.17029 387.12878 387.08228 387.05182 387.0303 386.99829 386.97382 386.9458 386.90631 386.87628 386.84583 386.83679 386.81335 386.77283 386.74432 386.7294 386.71436 386.6864 386.6709 386.6304 386.5824 386.56689 386.5354 386.5144 386.48691 386.44791 386.42542 386.3934 386.3714 386.34338 386.31787 386.28839 386.25839 386.23389 386.21039 386.19189 386.17389 386.14841 386.12292 386.1044 386.08392 386.06189 386.04089 386.021 385.99994 385.98047 385.95697 385.944 385.92795 385.91199
388.20319 388.14972 388.09222 388.0452 387.98718 387.93671 387.8667 387.81873 387.7847 387.71619 387.6572 387.59924 387.54379 387.48431 387.42529 387.37079 387.3248 387.28079 387.24579 387.2023 387.1618 387.11929 387.08331 387.05328 387.03778 387.01282 386.9693 386.93881 386.90332 386.87979 386.8653 386.84436 386.8139 386.77985 386.74585 386.7309 386.71289 386.68591 386.66742 386.61441 386.5809 386.56641 386.52939 386.51239 386.4794 386.44891 386.4209 386.3949 386.3754 386.3454 386.31641 386.29138 386.2674 386.24539 386.21442 386.1954 386.17688 386.1514 386.12939 386.10739 386.08789 386.0719 386.04791 386.02698 386.00403 385.98199 385.96899 385.95197 385.93445
388.23871 388.17621 388.1217 388.0752 388.0192 387.96069 387.90771 387.85419 387.8092 387.75269 387.69672 387.64124 387.58124 387.52173 387.46082 387.4108 387.35629 387.31281 387.26978 387.23077 387.1853 387.14978 387.1188 387.08331 387.06281 387.03027 386.99429 386.95731 386.94482 386.91681 386.87787 386.87634 386.86084 386.80441 386.7749 386.75891 386.73792 386.68439 386.66089 386.6524 386.6189 386.5799 386.54889 386.53189 386.51089 386.48041 386.44489 386.42889 386.39142 386.3649 386.34439 386.31839 386.2959 386.27289 386.2449 386.22339 386.19489 386.17542 386.15491 386.13287 386.1134 386.09192 386.06891 386.05438 386.02594 386.0065 385.99048 385.97345 385.95941
388.2677 388.2157 388.16119 388.10471 388.04871 387.9967 387.95169 387.89819 387.84271 387.78821 387.73221 387.68024 387.62024 387.54773 387.4928 387.44281 387.38831 387.33829 387.29529 387.25729 387.21979 387.1843 387.14581 387.11029 387.08279 387.0498 387.01379 386.9823 386.96332 386.9353 386.90631 386.90479 386.8768 386.83893 386.80939 386.7829 386.7659 386.7124 386.68939 386.68091 386.6579 386.6199 386.5889 386.56589 386.54041 386.50989 386.48541 386.46143 386.42389 386.3959 386.3754 386.3454 386.31238 386.2894 386.27692 386.2579 386.2294 386.2009 386.18039 386.15991 386.13989 386.11841 386.10339 386.0889 386.06046 386.03601 386.02002 386.00848 385.9939
388.31671 388.25671 388.18219 388.1257 388.0802 387.96521 387.91571 387.9122 387.88672 387.82672 387.77423 387.71375 387.6517 387.58975 387.53329 387.4743 387.4248 387.37079 387.32529 387.28479 387.24829 387.22382 387.1853 387.1478 387.1153 387.08228 387.05328 387.02332 386.99078 386.95929 386.9303 386.91931 386.87936 386.84991 386.84387 386.81433 386.78586 386.74738 386.7334 386.71442 386.69189 386.66492 386.6329 386.60089 386.5719 386.53992 386.5174 386.48941 386.46539 386.43741 386.40939 386.3764 386.34088 386.31689 386.29889 386.2789 386.25391 386.2359 386.2114 386.19238 386.17441 386.15839 386.14038 386.1174 386.08844 386.07251 386.0575 386.03696 386.02441
388.33722 388.29523 388.2207 388.15668 388.06622 387.9512 387.8942 387.92371 387.89819 387.8602 387.81323 387.75275 387.68475 387.6228 387.5683 387.50629 387.45679 387.40778 387.35931 387.31879 387.27631 387.2518 387.21881 387.17828 387.14581 387.1153 387.0918 387.0618 387.02081 386.98929 386.95831 386.93585 386.8959 386.86835 386.85889 386.82935 386.80185 386.78241 386.7684 386.72641 386.70392 386.69339 386.6604 386.62842 386.58942 386.56592 386.5434 386.51691 386.49292 386.46539 386.4429 386.40991 386.37939 386.34338 386.32541 386.3074 386.27991 386.2619 386.24091 386.22192 386.2034 386.1864 386.1684 386.14447 386.12244 386.10651 386.08301 386.06244 386.04895
388.3537 388.31171 388.26569 388.20169 388.13422 388.02271 387.9657 387.91571 387.91669 387.87869 387.82669 387.78027 387.71225 387.64978 387.59531 387.53882 387.4838 387.43481 387.3898 387.35278 387.3103 387.2713 387.23831 387.21381 387.17682 387.1463 387.11731 387.09579 387.05481 387.02829 386.99731 386.94586 386.92792 386.90036 386.87036 386.8504 386.82288 386.79388 386.77991 386.73792 386.7149 386.70441 386.6684 386.6514 386.6124 386.57941 386.57391 386.54739 386.51392 386.48639 386.46588 386.4494 386.41888 386.38788 386.35992 386.34192 386.31641 386.28839 386.2674 386.24991 386.23138 386.21289 386.19543 386.17151 386.15045 386.13702 386.11353 386.0885 386.07501
388.3782 388.34521 388.27319 388.2012 388.1402 388.0752 388.01471 387.9657 387.9397 387.9032 387.85321 387.79572 387.73676 387.67432 387.6203 387.56879 387.51129 387.45532 387.41779 387.38177 387.3443 387.31281 387.27679 387.24631 387.21631 387.18378 387.15829 387.1283 387.09531 387.05884 387.02991 386.99091 386.9534 386.92386 386.90338 386.8764 386.84991 386.82141 386.79489 386.7804 386.75739 386.7269 386.7009 386.6749 386.63538 386.60938 386.60291 386.57343 386.5444 386.51141 386.4939 386.4809 386.43988 386.41541 386.39038 386.3739 386.3544 386.32541 386.30292 386.2854 386.2569 386.23941 386.22095 386.20093 386.18146 386.16351 386.14301 386.11798 386.10745
388.40723 388.36072 388.2887 388.21219 388.15118 388.10822 388.05969 388.01068 387.95618 387.92072 387.8707 387.7977 387.73877 387.6933 387.6478 387.59631 387.53381 387.48132 387.44379 387.40778 387.3743 387.34277 387.32281 387.2923 387.25681 387.22629 387.20081 387.17328 387.13782 387.10135 387.06287 387.02386 386.97791 386.94086 386.92041 386.89441 386.8689 386.84039 386.81989 386.80542 386.78339 386.75238 386.72638 386.69641 386.6759 386.6499 386.63489 386.60339 386.5744 386.54291 386.52539 386.4989 386.46741 386.44287 386.4259 386.40491 386.38541 386.36441 386.34192 386.32239 386.2959 386.27841 386.2439 386.22745 386.20795 386.18851 386.168 386.1535 386.14145
388.40271 388.36469 388.29968 388.22321 388.18121 388.13922 388.0932 388.0307 387.9707 387.93622 387.8692 387.80475 387.74774 387.71576 387.67328 387.63281 387.57928 387.5163 387.4783 387.43579 387.39978 387.37579 387.3558 387.32779 387.29932 387.2688 387.24182 387.20831 387.17828 387.14532 387.10681 387.05878 387.0188 386.97736 386.9469 386.9104 386.88489 386.86841 386.84088 386.81689 386.79141 386.76691 386.74341 386.7254 386.6994 386.68439 386.65491 386.6319 386.60992 386.5784 386.54291 386.53192 386.50739 386.4809 386.47391 386.45239 386.42139 386.39893 386.3764 386.34839 386.33041 386.30646 386.27844 386.25592 386.24097 386.22888 386.2074 386.18744 386.173
388.43372 388.37921 388.32068 388.2547 388.19971 388.16119 388.11969 388.0647 388.00421 387.9357 387.87671 387.81476 387.77325 387.7338 387.69931 387.6503 387.59781 387.5513 387.5123 387.46729 387.43579 387.4108 387.38977 387.36081 387.33429 387.30829 387.28079 387.24231 387.2168 387.18079 387.1358 387.0943 387.04831 387.0094 386.97385 386.94043 386.9129 386.88489 386.86389 386.85242 386.8179 386.79041 386.76889 386.7504 386.73792 386.70392 386.68091 386.65439 386.62891 386.5899 386.57291 386.55792 386.53189 386.50739 386.5014 386.4689 386.43842 386.43091 386.40039 386.38593 386.3714 386.34442 386.31189 386.29797 386.28094 386.2684 386.24994 386.22552 386.203
388.45471 388.3862 388.35468 388.2847 388.22272 388.18121 388.13669 388.08069 388.00769 387.9407 387.88824 387.84424 387.79425 387.76031 387.71481 387.6778 387.6243 387.57928 387.53931 387.50681 387.47281 387.44031 387.41879 387.39581 387.3678 387.33929 387.31232 387.2753 387.24628 387.20929 387.17029 387.1228 387.07135 387.02939 386.99939 386.97089 386.9389 386.91638 386.8909 386.8714 386.8479 386.8204 386.79639 386.77289 386.75589 386.72638 386.7084 386.68289 386.65442 386.62439 386.60492 386.5654 386.5394 386.53088 386.51889 386.49841 386.47141 386.45642 386.43689 386.42938 386.40741 386.37939 386.35941 386.33441 386.31296 386.30045 386.27646 386.258 386.23749
388.4552 388.3927 388.34821 388.30872 388.24921 388.2067 388.15167 388.09418 388.02319 387.95068 387.90521 387.85925 387.81775 387.7793 387.73431 387.68829 387.64929 387.60132 387.57031 387.53979 387.50681 387.47528 387.44678 387.42328 387.39981 387.3703 387.34079 387.30933 387.27832 387.2363 387.19531 387.1553 387.10583 387.05737 387.0134 386.98889 386.9639 386.94092 386.91589 386.89288 386.87189 386.84689 386.8179 386.79691 386.77338 386.75189 386.73291 386.7099 386.68988 386.66541 386.63989 386.61591 386.57291 386.54889 386.5509 386.5369 386.51837 386.48889 386.46039 386.45288 386.43689 386.4129 386.39746 386.37646 386.34344 386.32239 386.3074 386.28445 386.26349
388.46118 388.39819 388.35269 388.3187 388.2677 388.21469 388.16718 388.11072 388.0347 387.97473 387.91824 387.8717 387.84174 387.80328 387.75079 387.7063 387.66431 387.62729 387.59079 387.5593 387.5423 387.49982 387.47382 387.44781 387.42181 387.39832 387.3558 387.32483 387.29581 387.26129 387.2178 387.17435 387.13037 387.08786 387.05084 387.0159 386.98639 386.9729 386.94739 386.91888 386.89789 386.8804 386.84491 386.81689 386.80389 386.7774 386.75439 386.73941 386.72141 386.68738 386.66388 386.6524 386.6279 386.60138 386.59088 386.57092 386.55438 386.5239 386.5014 386.4939 386.46939 386.4494 386.43646 386.40039 386.38541 386.36191 386.33691 386.31396 386.30292
388.47968 388.42169 388.37619 388.33618 388.28522 388.23822 388.17969 388.1232 388.05521 387.98975 387.93323 387.89124 387.8613 387.81628 387.7713 387.72681 387.68079 387.63977 387.60327 387.58429 387.56628 387.5238 387.49481 387.46881 387.4343 387.41431 387.37183 387.33679 387.31482 387.2803 387.24182 387.19836 387.1524 387.11136 387.07434 387.0434 387.01489 387.0014 386.98138 386.95288 386.9209 386.9014 386.86591 386.8504 386.82941 386.80289 386.77539 386.7659 386.74789 386.72241 386.69891 386.68738 386.66339 386.6369 386.62839 386.60638 386.5899 386.56689 386.5444 386.51788 386.49841 386.47839 386.4689 386.43591 386.4209 386.40891 386.38391 386.3519 386.34192
388.48569 388.44922 388.40771 388.3562 388.29822 388.2507 388.21021 388.13019 388.06219 388.00226 387.95526 387.9223 387.88977 387.83731 387.79279 387.74829 387.70129 387.6608 387.61279 387.59729 387.56329 387.5343 387.51831 387.4888 387.44482 387.4223 387.38928 387.35681 387.3288 387.29034 387.25629 387.21231 387.16989 387.13431 387.09335 387.05188 387.0419 387.02841 387.00641 386.97189 386.94489 386.9209 386.89941 386.88641 386.8584 386.83691 386.81039 386.78992 386.7439 386.73938 386.7489 386.71039 386.67941 386.66089 386.6579 386.63989 386.62189 386.59839 386.5799 386.5354 386.51941 386.5159 386.50342 386.47992 386.46289 386.45142 386.43146 386.40039 386.37946
