Zurich/swissbathy3d_zuerichsee_2056_5728.esriasciigrid/swissBATHY3D_CHLV95_LN02_2697_1228.asc
ncols 1000
nrows 473
xllcorner 2697000
yllcorner 1228527
cellsize 1
nodata_value -9999
[rows 116 to 144 of 473, columns 520 to 584 of 1000]
394.88879 394.87628 394.86279 394.8468 394.83481 394.82678 394.80029 394.77936 394.76779 394.75781 394.74335 394.73132 394.7088 394.69629 394.67328 394.65381 394.64734 394.62933 394.60486 394.58734 394.58533 394.59085 394.59784 394.59888 394.5994 394.60434 394.5993 394.5769 394.56735 394.55884 394.55435 394.53937 394.52335 394.5094 394.49591 394.4884 394.47742 394.46585 394.45392 394.45035 394.44342 394.4389 394.41687 394.38641 394.38239 394.37741 394.36139 394.33942 394.3204 394.3074 394.2959 394.26541 394.22141 394.20142 394.17441 394.14941 394.1369 394.1149 394.09039 394.06592 394.04239 394.0249 394.00839 393.9939 393.97989
394.83279 394.8233 394.81183 394.79883 394.77936 394.76483 394.75128 394.73279 394.72028 394.70834 394.69189 394.68433 394.66931 394.64178 394.61484 394.58585 394.57684 394.57385 394.55841 394.5444 394.54584 394.54785 394.53937 394.5484 394.55542 394.54889 394.5524 394.53641 394.52393 394.52039 394.51639 394.5029 394.4874 394.4744 394.46588 394.45789 394.45392 394.44589 394.42639 394.41443 394.41241 394.40741 394.3959 394.37988 394.3634 394.34991 394.33392 394.31342 394.28992 394.27139 394.25842 394.23441 394.19891 394.1579 394.1499 394.1344 394.10989 394.09039 394.06891 394.0499 394.03839 394.0174 393.99789 393.97888 393.9639
394.7778 394.77036 394.7583 394.7453 394.72589 394.71585 394.7023 394.68384 394.67734 394.66541 394.64941 394.64185 394.61737 394.56735 394.54041 394.5274 394.51941 394.51642 394.5159 394.50189 394.5054 394.50391 394.49539 394.49939 394.49792 394.49139 394.4949 394.49542 394.48291 394.48691 394.48291 394.4639 394.45639 394.44339 394.43539 394.4274 394.4234 394.4169 394.3974 394.38593 394.38141 394.3764 394.36691 394.35291 394.3364 394.32288 394.30688 394.28741 394.26041 394.24188 394.2244 394.20441 394.16888 394.14789 394.1239 394.1084 394.08789 394.06839 394.0509 394.03088 394.01941 394.00238 393.98889 393.96991 393.94592
394.7254 394.71939 394.70734 394.6929 394.67938 394.66937 394.6489 394.64691 394.64038 394.62592 394.60992 394.59491 394.56091 394.51089 394.48938 394.4679 394.4599 394.4444 394.44391 394.46143 394.46591 394.46442 394.4664 394.45639 394.4549 394.4469 394.44989 394.45041 394.44238 394.44641 394.4364 394.42792 394.42041 394.41141 394.40338 394.39539 394.38739 394.38092 394.3689 394.3584 394.35388 394.3439 394.33289 394.31891 394.30841 394.29489 394.27838 394.25989 394.23291 394.21991 394.19391 394.17389 394.15039 394.1279 394.10388 394.08392 394.06342 394.0459 394.03339 394.0134 393.99939 393.98041 393.96692 393.9549 393.93091
394.68292 394.67041 394.6554 394.64139 394.62988 394.60889 394.59741 394.59338 394.58588 394.5719 394.5589 394.54489 394.5054 394.46991 394.46591 394.43738 394.40491 394.38541 394.4039 394.41388 394.41742 394.4259 394.42493 394.42188 394.41589 394.4054 394.41541 394.4054 394.39691 394.3949 394.3844 394.3804 394.3819 394.37592 394.3699 394.35492 394.35742 394.3519 394.34491 394.3309 394.31989 394.31189 394.29541 394.2854 394.2724 394.25989 394.24841 394.22839 394.2149 394.1944 394.17191 394.14539 394.12592 394.10089 394.07892 394.0629 394.03943 394.0249 394.00787 393.99341 393.98041 393.96442 393.95239 393.9404 393.9184
394.62341 394.61438 394.59991 394.59088 394.5744 394.5589 394.54739 394.53439 394.52692 394.51538 394.50342 394.4899 394.4649 394.4559 394.45392 394.41388 394.3909 394.36438 394.36542 394.36389 394.36542 394.3689 394.3829 394.3764 394.37488 394.37689 394.37738 394.36688 394.34991 394.34991 394.34491 394.34088 394.3439 394.3429 394.3309 394.3179 394.3284 394.31989 394.3064 394.2959 394.28891 394.27139 394.25592 394.23941 394.23492 394.2254 394.2114 394.2019 394.17792 394.16492 394.14789 394.1254 394.1069 394.08289 394.06091 394.04437 394.02039 394.0014 393.98541 393.96939 393.95538 393.95392 393.94189 393.9249 393.90939
394.5719 394.55789 394.54688 394.53491 394.52588 394.51239 394.49789 394.48688 394.47339 394.45142 394.44189 394.43689 394.42938 394.42938 394.41241 394.3884 394.3609 394.3504 394.34241 394.32593 394.31641 394.31592 394.32642 394.33389 394.32941 394.3334 394.34338 394.33142 394.3194 394.31488 394.31238 394.3089 394.30789 394.30591 394.29941 394.28641 394.29388 394.29541 394.2724 394.25839 394.25342 394.2489 394.2254 394.21191 394.19641 394.18939 394.1774 394.16687 394.14587 394.12891 394.11389 394.0979 394.09189 394.06738 394.04541 394.02289 394.0004 393.98187 393.96289 393.94589 393.93091 393.92291 393.91992 393.91193 393.8974
394.51489 394.50391 394.49042 394.47589 394.46741 394.46143 394.44791 394.43591 394.4209 394.3989 394.38239 394.3739 394.37988 394.38391 394.3624 394.33191 394.32642 394.31091 394.28992 394.2764 394.2709 394.27191 394.27692 394.28589 394.28839 394.29639 394.29742 394.29242 394.2804 394.27591 394.27539 394.2739 394.27692 394.27289 394.26541 394.26392 394.27139 394.2644 394.2504 394.2309 394.22241 394.21741 394.20587 394.18341 394.16989 394.15491 394.14789 394.13889 394.1174 394.09189 394.07391 394.06989 394.0574 394.0369 394.0274 394.00488 393.9884 393.96692 393.9454 393.93439 393.91541 393.9054 393.89441 393.88593 393.87494
394.45941 394.4469 394.4379 394.4234 394.40839 394.40692 394.3934 394.37592 394.3609 394.35492 394.33691 394.3284 394.32788 394.32089 394.29938 394.2879 394.28741 394.27191 394.26141 394.24789 394.2374 394.23492 394.2399 394.2359 394.2359 394.2439 394.25092 394.24591 394.2449 394.2384 394.23792 394.23938 394.24341 394.23941 394.23389 394.23239 394.23792 394.2319 394.2179 394.2034 394.1954 394.1904 394.17291 394.1554 394.14191 394.13089 394.1239 394.10339 394.08591 394.06039 394.0459 394.03888 394.0264 394.0144 394.00488 393.98889 393.97141 393.94989 393.93491 393.92239 393.90338 393.87946 393.86688 393.85846 393.85193
394.40891 394.39441 394.38342 394.3689 394.34888 394.3454 394.32489 394.3129 394.2944 394.28491 394.28189 394.25891 394.26489 394.25342 394.24139 394.23041 394.23239 394.23489 394.2244 394.2254 394.2074 394.20041 394.20239 394.19391 394.19287 394.20038 394.20538 394.20691 394.2074 394.2019 394.20291 394.2019 394.20642 394.2139 394.2099 394.1994 394.20941 394.20441 394.19092 394.1824 394.16992 394.16241 394.14789 394.12988 394.1189 394.10791 394.09338 394.0719 394.05188 394.03641 394.02191 394.01639 393.99246 393.99191 393.97791 393.96442 393.9454 393.92645 393.91547 393.90546 393.89691 393.87195 393.85443 393.84045 393.83395
394.35388 394.33942 394.33142 394.32239 394.3024 394.2879 394.27393 394.2619 394.2424 394.23291 394.22089 394.19287 394.19891 394.19592 394.18842 394.1774 394.17896 394.18146 394.18939 394.19141 394.1734 394.17242 394.1734 394.16489 394.15494 394.1579 394.1629 394.16693 394.16745 394.1684 394.16888 394.16791 394.17291 394.1644 394.1604 394.16742 394.1774 394.17389 394.16089 394.1524 394.13892 394.13141 394.11688 394.10388 394.0929 394.08038 394.0614 394.03992 394.0249 394.02045 394.00592 393.98489 393.961 393.96045 393.94345 393.92993 393.92441 393.91248 393.90146 393.89401 393.89145 393.86652 393.8425 393.82849 393.82001
394.30243 394.2919 394.28391 394.26343 394.25189 394.2374 394.2204 394.20691 394.18741 394.17841 394.16638 394.15338 394.1514 394.14841 394.13489 394.12946 394.13098 394.1315 394.13947 394.14343 394.13892 394.13791 394.14294 394.13889 394.12894 394.12396 394.12891 394.13293 394.13446 394.13541 394.12845 394.12894 394.13394 394.13843 394.13739 394.14441 394.1409 394.13739 394.13089 394.12592 394.1124 394.10492 394.09387 394.08087 394.0629 394.05042 394.03845 394.00891 393.9939 393.9899 393.98297 393.96194 393.94846 393.9335 393.9165 393.9035 393.89795 393.89044 393.88541 393.87796 393.86652 393.85596 393.83197 393.81897 393.81046
394.25146 394.24493 394.23138 394.21191 394.19791 394.18149 394.16949 394.14896 394.13245 394.12347 394.12695 394.11694 394.10446 394.11047 394.09396 394.07901 394.08447 394.08591 394.08591 394.08844 394.08844 394.09149 394.10352 394.10294 394.09491 394.09146 394.09344 394.09442 394.09589 394.09442 394.09143 394.091 394.09344 394.09995 394.11389 394.11041 394.10687 394.10544 394.10602 394.09894 394.08841 394.08096 394.07043 394.05646 394.03247 394.01544 394.00696 393.98547 393.96146 393.95453 393.9505 393.94495 393.92944 393.9115 393.89801 393.88501 393.87494 393.87097 393.86444 393.85352 393.84302 393.83295 393.81799 393.80249 393.79053
394.19696 394.19098 394.18347 394.16394 394.14594 394.13049 394.1185 394.09851 394.082 394.07401 394.069 394.05902 394.0585 394.05902 394.04251 394.02802 394.03802 394.03946 394.04144 394.04401 394.03949 394.04999 394.06201 394.06149 394.06146 394.05798 394.05396 394.0549 394.05939 394.05945 394.05649 394.06201 394.0704 394.0769 394.07446 394.07092 394.08191 394.07697 394.07751 394.0715 394.07446 394.06702 394.04596 394.03696 394.01294 393.99249 393.98401 393.9805 393.95093 393.944 393.91901 393.91699 393.90149 393.89398 393.88049 393.8645 393.853 393.849 393.84552 393.83398 393.82349 393.81848 393.79651 393.78101 393.77301
394.13901 394.1225 394.11551 394.104 394.09601 394.086 394.0715 394.0535 394.03799 394.03198 394.022 394.022 394.01849 394.01599 394.0025 393.98499 393.99451 393.99451 393.99652 393.99402 393.99799 394.00952 394.01752 394.02451 394.0235 394.0235 394.01898 394.01501 394.02051 394.02551 394.02899 394.03351 394.03745 394.02951 394.03351 394.04248 394.05243 394.04996 394.0509 394.03845 394.03998 394.02502 394.01495 394.0054 393.97845 393.95801 393.96051 393.95752 393.94501 393.92297 393.89999 393.888 393.87952 393.87048 393.85999 393.84949 393.83801 393.83502 393.82401 393.81201 393.802 393.798 393.7785 393.7695 393.76151
394.07751 394.06403 394.05847 394.052 394.0415 394.02802 394.022 394.00299 393.9855 393.974 393.97549 393.98053 393.98151 393.97699 393.97552 393.961 393.965 393.96552 393.953 393.95752 393.96252 393.965 393.97302 393.9805 393.98499 393.983 393.98199 393.98749 393.98651 393.98901 393.9935 393.9975 393.98853 393.99249 394.00348 394.00201 394.00946 394.01395 394.0065 393.99298 393.9935 393.98151 393.98346 393.96951 393.94702 393.936 393.93201 393.9285 393.9115 393.8985 393.88849 393.86749 393.85352 393.8475 393.84201 393.8295 393.81702 393.81152 393.80151 393.789 393.76849 393.76849 393.76349 393.75751 393.74899
394.03351 394.02502 394.00848 393.98801 393.97501 393.974 393.97101 393.95898 393.93298 393.9155 393.92151 393.93051 393.9295 393.91751 393.93451 393.939 393.9325 393.9335 393.91 393.91101 393.92001 393.92297 393.93298 393.9415 393.94501 393.94952 393.94702 393.953 393.96051 393.95898 393.96649 393.96051 393.95651 393.96301 393.97549 393.97052 393.9715 393.97049 393.96301 393.95398 393.95099 393.94348 393.944 393.9425 393.9335 393.92151 393.9115 393.896 393.88 393.87799 393.8685 393.84552 393.83899 393.8255 393.82452 393.80899 393.79547 393.7915 393.78851 393.77002 393.75549 393.74402 393.742 393.7305 393.71948
393.9845 393.97351 393.961 393.94 393.91501 393.91351 393.8985 393.9035 393.88 393.87399 393.87399 393.87399 393.8775 393.86499 393.86749 393.88953 393.897 393.89301 393.87701 393.8725 393.875 393.88098 393.88849 393.89801 393.90149 393.9075 393.91 393.91052 393.92102 393.92798 393.931 393.92102 393.91699 393.93402 393.93549 393.93903 393.93951 393.93347 393.93451 393.92499 393.9205 393.90399 393.90802 393.90948 393.90851 393.9035 393.90302 393.88101 393.86499 393.84802 393.841 393.82401 393.81451 393.81 393.80051 393.79102 393.77899 393.76999 393.76151 393.74701 393.73602 393.72299 393.71552 393.71899 393.7085
393.93451 393.92499 393.90302 393.8735 393.85699 393.853 393.8385 393.83301 393.82849 393.82251 393.81952 393.82202 393.8255 393.8255 393.82751 393.84052 393.84698 393.84851 393.84052 393.84799 393.84448 393.84949 393.84149 393.849 393.85049 393.858 393.86499 393.87152 393.88202 393.888 393.88901 393.88202 393.88348 393.88751 393.89301 393.90002 393.90051 393.89551 393.89349 393.8985 393.88251 393.88651 393.88452 393.88751 393.883 393.87451 393.87451 393.862 393.84052 393.827 393.81351 393.80353 393.79102 393.78448 393.7785 393.76898 393.755 393.74402 393.73651 393.71399 393.7095 393.70551 393.6965 393.686 393.68402
393.88647 393.88251 393.85699 393.82751 393.8125 393.80649 393.79199 393.78302 393.7785 393.772 393.77148 393.77399 393.7775 393.77301 393.77499 393.78748 393.79001 393.7915 393.79901 393.80649 393.81451 393.81549 393.8075 393.8085 393.81451 393.82202 393.82599 393.83252 393.84201 393.85199 393.853 393.84851 393.85052 393.85449 393.85248 393.8595 393.86798 393.86749 393.86551 393.858 393.85602 393.85999 393.86301 393.86499 393.86047 393.84351 393.84351 393.83447 393.8165 393.80298 393.79248 393.77951 393.767 393.763 393.75702 393.75098 393.74149 393.7305 393.71201 393.72052 393.716 393.68298 393.67499 393.66449 393.6575
393.836 393.83499 393.80951 393.78601 393.78101 393.76099 393.75598 393.75153 393.74902 393.74051 393.733 393.73102 393.728 393.7225 393.72949 393.741 393.7435 393.742 393.7515 393.75949 393.772 393.77698 393.77051 393.77649 393.77802 393.78101 393.7865 393.79901 393.806 393.81201 393.8045 393.806 393.81601 393.8215 393.82147 393.82751 393.836 393.83502 393.82449 393.82251 393.82849 393.83749 393.832 393.83051 393.82849 393.81848 393.819 393.81299 393.79498 393.78149 393.76501 393.75351 393.75403 393.74402 393.73199 393.72748 393.72049 393.71002 393.69202 393.69949 393.68701 393.66449 393.64099 393.6235 393.62299
393.79352 393.78448 393.76501 393.75201 393.73999 393.72498 393.71552 393.71756 393.71649 393.7135 393.70551 393.69501 393.6875 393.68903 393.6835 393.6925 393.698 393.7005 393.71698 393.71552 393.728 393.73798 393.73602 393.73749 393.73499 393.74152 393.74701 393.76599 393.76849 393.7735 393.784 393.77551 393.78052 393.78101 393.78601 393.80249 393.80249 393.79901 393.79349 393.79449 393.79849 393.8045 393.79999 393.79797 393.80548 393.802 393.806 393.79248 393.77551 393.7565 393.73651 393.73102 393.72751 393.71899 393.71249 393.70648 393.69501 393.68549 393.672 393.65198 393.65698 393.64349 393.61798 393.60748 393.59698
393.7355 393.73651 393.71948 393.70654 393.69849 393.689 393.6825 393.6745 393.67651 393.672 393.66602 393.65948 393.65552 393.65649 393.65756 393.6535 393.6575 393.66306 393.68155 393.685 393.68451 393.69202 393.69299 393.69806 393.69604 393.703 393.715 393.72449 393.7305 393.733 393.73798 393.75348 393.75549 393.75101 393.73999 393.76151 393.79449 393.7825 393.76453 393.76349 393.76398 393.76648 393.77649 393.78149 393.78299 393.78198 393.79248 393.784 393.76251 393.73602 393.715 393.70398 393.702 393.70502 393.69501 393.68149 393.67099 393.67249 393.64749 393.63049 393.6185 393.62048 393.60498 393.57449 393.56451
393.68951 393.67999 393.66907 393.65805 393.64655 393.6481 393.64063 393.63055 393.62054 393.61603 393.62506 393.61853 393.61456 393.61859 393.62109 393.62207 393.6236 393.6246 393.63959 393.64511 393.64456 393.64349 393.65106 393.65811 393.66055 393.66608 393.67651 393.68399 393.69 393.69598 393.69849 393.71051 393.715 393.7175 393.71149 393.70251 393.73547 393.73801 393.7355 393.72949 393.729 393.72949 393.73901 393.74701 393.75751 393.76898 393.76501 393.75751 393.73749 393.71399 393.69 393.685 393.67599 393.67599 393.66049 393.64697 393.64499 393.6405 393.62799 393.61649 393.59299 393.59399 393.57901 393.5675 393.55048
393.61804 393.59155 393.5961 393.58508 393.58859 393.59058 393.5831 393.5701 393.56009 393.58112 393.5806 393.5741 393.57458 393.58112 393.58362 393.58508 393.5856 393.58661 393.5896 393.59509 393.60254 393.60352 393.61105 393.61713 393.62756 393.63306 393.64404 393.65155 393.65448 393.65448 393.65698 393.66602 393.681 393.6835 393.6785 393.66949 393.66449 393.69598 393.69348 393.69507 393.69199 393.6925 393.69598 393.71149 393.72198 393.73999 393.73602 393.724 393.69751 393.67401 393.66751 393.6575 393.6485 393.63647 393.62097 393.61649 393.62048 393.616 393.60699 393.60101 393.57751 393.56702 393.55051 393.539 393.52905
393.51862 393.51563 393.51709 393.5336 393.52362 393.52008 393.50708 393.51508 393.52759 393.53409 393.53308 393.5311 393.53461 393.53909 393.54608 393.54962 393.5466 393.5466 393.54962 393.5611 393.56311 393.56403 393.57208 393.57611 393.5831 393.59711 393.61554 393.62451 393.61151 393.60901 393.61554 393.62604 393.6405 393.64056 393.64148 393.6355 393.63007 393.64505 393.65448 393.6525 393.64948 393.65149 393.65506 393.66055 393.66504 393.68304 393.685 393.67651 393.65149 393.63251 393.63205 393.62656 393.61606 393.60602 393.5925 393.58899 393.59399 393.59155 393.5741 393.56256 393.54855 393.53699 393.53101 393.51706 393.50711
393.48309 393.4801 393.49109 393.4841 393.46759 393.46259 393.47559 393.47461 393.47412 393.47961 393.48108 393.48059 393.48511 393.49109 393.4986 393.51062 393.51059 393.51709 393.51709 393.5206 393.52859 393.52759 393.5351 393.5376 393.5491 393.56006 393.57855 393.56958 393.56354 393.57153 393.55957 393.58005 393.5986 393.60355 393.60156 393.60803 393.6011 393.61005 393.61011 393.60803 393.60748 393.60657 393.60855 393.60706 393.61356 393.629 393.62598 393.61349 393.60205 393.60556 393.60309 393.59805 393.59753 393.59204 393.58557 393.57651 393.57098 393.56555 393.54907 393.53754 393.51855 393.51257 393.5025 393.48657 393.46912
393.46613 393.45361 393.45761 393.4451 393.4346 393.43359 393.42261 393.4281 393.4241 393.42212 393.42908 393.42609 393.43408 393.44061 393.45709 393.4711 393.47308 393.47559 393.47559 393.48212 393.4921 393.49512 393.49408 393.49609 393.5101 393.5166 393.53061 393.5311 393.52661 393.52759 393.52411 393.53909 393.5546 393.5546 393.55511 393.56458 393.5636 393.5701 393.56909 393.56812 393.57007 393.56409 393.56256 393.56012 393.56506 393.56757 393.57404 393.56705 393.57312 393.58307 393.5751 393.56799 393.57312 393.56763 393.55905 393.54803 393.53705 393.53055 393.5365 393.50204 393.48712 393.47913 393.46857 393.45355 393.45111
393.4201 393.39911 393.39862 393.40912 393.40161 393.40411 393.4021 393.3876 393.3851 393.38361 393.38312 393.37811 393.3786 393.39111 393.40912 393.42709 393.4321 393.43311 393.43359 393.44312 393.45062 393.45862 393.46112 393.46359 393.47308 393.47711 393.48712 393.49109 393.4931 393.48911 393.49762 393.50909 393.5166 393.51111 393.51062 393.51862 393.51309 393.51611 393.52911 393.52811 393.53009 393.5296 393.52411 393.52008 393.52209 393.51959 393.5166 393.53412 393.54211 393.53909 393.53754 393.52856 393.52805 393.52859 393.51654 393.50955 393.5036 393.50061 393.49457 393.4801 393.45911 393.44812 393.43109 393.42511 393.4216
