Zurich/swissbathy3d_zuerichsee_2056_5728.esriasciigrid/swissBATHY3D_CHLV95_LN02_2696_1228.asc
ncols 1000
nrows 473
xllcorner 2696000
yllcorner 1228527
cellsize 1
nodata_value -9999
[rows 186 to 216 of 473, columns 759 to 827 of 1000]
389.24268 389.19769 389.15521 389.11169 389.06921 389.02719 388.9902 388.9472 388.9097 388.86469 388.8457 388.8237 388.8262 388.75171 388.71771 388.6752 388.6452 388.60431 388.57568 388.51782 388.50323 388.48724 388.45831 388.43182 388.40179 388.38779 388.37628 388.37183 388.37381 388.36182 388.34631 388.31329 388.28632 388.2883 388.27881 388.2598 388.2468 388.23431 388.23682 388.2388 388.2428 388.23529 388.22681 388.2283 388.22382 388.2168 388.22278 388.21582 388.2348 388.24982 388.2493 388.24878 388.26379 388.2713 388.27032 388.25479 388.27029 388.28479 388.2923 388.2963 388.30579 388.32031 388.34131 388.36432 388.38782 388.4158 388.41879 388.4223 388.45129
389.24164 389.19971 389.1517 389.11169 389.06317 389.02969 388.9892 388.9447 388.90271 388.85571 388.8262 388.8302 388.77069 388.7132 388.68176 388.66925 388.64777 388.5957 388.52725 388.49829 388.49829 388.4718 388.4393 388.41779 388.40228 388.39331 388.38379 388.37729 388.36829 388.3678 388.3273 388.30182 388.28079 388.26581 388.2453 388.23779 388.22382 388.22382 388.22382 388.2243 388.22083 388.21527 388.20331 388.20129 388.1908 388.18579 388.18381 388.19128 388.20831 388.22528 388.22278 388.21729 388.23932 388.24329 388.22382 388.2258 388.22729 388.2323 388.2453 388.25281 388.26331 388.2648 388.2818 388.30328 388.33582 388.3598 388.35828 388.3678 388.3783
389.23718 389.19269 389.1517 389.10519 389.05621 389.01471 388.97119 388.92322 388.87518 388.84521 388.80219 388.78772 388.74719 388.7142 388.68274 388.67377 388.62769 388.5802 388.5213 388.51379 388.4873 388.45331 388.4288 388.4133 388.40829 388.40579 388.39581 388.37927 388.34631 388.3378 388.31281 388.2793 388.25079 388.23682 388.2233 388.21829 388.21478 388.21228 388.20282 388.2038 388.2063 388.18781 388.18182 388.1723 388.17078 388.1763 388.16681 388.16479 388.1713 388.17578 388.1713 388.1843 388.19427 388.19431 388.1813 388.18982 388.19128 388.19379 388.20679 388.2063 388.20529 388.21429 388.2363 388.26181 388.28781 388.30029 388.2988 388.30933 388.32129
389.23822 389.1882 389.1442 389.0957 389.0502 389.0087 388.9682 388.9202 388.87671 388.83121 388.78821 388.76318 388.7377 388.72571 388.69427 388.63525 388.60876 388.57825 388.54529 388.50232 388.4733 388.4393 388.42731 388.4213 388.39978 388.39279 388.36328 388.34979 388.3168 388.30682 388.29129 388.26129 388.23431 388.2218 388.2103 388.20529 388.20679 388.20081 388.18329 388.1778 388.17581 388.1673 388.16132 388.16132 388.15829 388.16528 388.15179 388.14331 388.1398 388.14429 388.13531 388.13629 388.1463 388.13928 388.15179 388.15781 388.1593 388.14832 388.14529 388.1553 388.16479 388.1828 388.19928 388.22479 388.22681 388.24481 388.25681 388.2713 388.28027
389.2377 389.18768 389.1427 389.0892 389.05319 389.00571 388.9642 388.9122 388.87268 388.82721 388.78769 388.75568 388.72272 388.7037 388.66174 388.60822 388.5863 388.56079 388.53729 388.4733 388.4523 388.43481 388.42432 388.42432 388.41132 388.37878 388.2963 388.29181 388.29581 388.28229 388.28027 388.25879 388.2298 388.21329 388.2048 388.20081 388.20129 388.19128 388.16632 388.16229 388.16132 388.17578 388.16681 388.1568 388.1503 388.14978 388.14279 388.1333 388.12732 388.12531 388.11481 388.11279 388.11481 388.1138 388.1268 388.13379 388.1423 388.11682 388.10229 388.10529 388.12231 388.12781 388.16382 388.2063 388.18579 388.18829 388.21228 388.22729 388.2323
389.2337 389.18872 389.14319 389.09821 389.04871 389.00269 388.95068 388.90271 388.86121 388.82019 388.78021 388.73926 388.7012 388.67276 388.61627 388.60028 388.58029 388.54529 388.4823 388.45929 388.4548 388.43829 388.4278 388.4223 388.37628 388.30182 388.28632 388.29028 388.28131 388.2923 388.2713 388.24432 388.2218 388.21478 388.19879 388.19629 388.19479 388.1763 388.15479 388.15082 388.1723 388.17078 388.15082 388.14032 388.13977 388.1333 388.11829 388.1073 388.1153 388.10382 388.0993 388.09882 388.1033 388.0983 388.1203 388.1203 388.10229 388.08929 388.07831 388.08978 388.0813 388.10382 388.14981 388.15131 388.13281 388.14978 388.1608 388.15781 388.1713
389.2402 389.19269 389.14117 389.09219 389.0452 388.9957 388.94019 388.89722 388.85269 388.79822 388.76978 388.72876 388.69775 388.64374 388.62378 388.60629 388.5798 388.53729 388.48529 388.47528 388.45831 388.4498 388.4303 388.37531 388.3533 388.31183 388.29028 388.28329 388.29581 388.27478 388.24631 388.2363 388.21979 388.19678 388.19281 388.19128 388.17981 388.1553 388.13629 388.13879 388.15329 388.14429 388.13031 388.12128 388.10779 388.1058 388.0943 388.0983 388.0878 388.08481 388.08331 388.08929 388.07928 388.0928 388.09229 388.09131 388.0853 388.06531 388.0618 388.0643 388.06281 388.07928 388.09882 388.10028 388.0943 388.09531 388.0983 388.1088 388.12579
389.24219 389.19171 389.14069 389.08771 389.03522 388.98022 388.9292 388.88269 388.83368 388.8027 388.76276 388.72882 388.68921 388.6488 388.6243 388.60181 388.56079 388.52731 388.51428 388.48581 388.4743 388.44031 388.3848 388.35529 388.34381 388.3158 388.29028 388.30182 388.28329 388.24579 388.23779 388.22028 388.20728 388.20981 388.1893 388.16879 388.16083 388.1413 388.12128 388.1373 388.14081 388.1358 388.11078 388.0968 388.0968 388.09229 388.09131 388.0903 388.07129 388.06531 388.08231 388.07281 388.06281 388.06879 388.0668 388.07385 388.06134 388.03687 388.02692 388.03528 388.04529 388.0228 388.05878 388.06287 388.06281 388.05679 388.0528 388.06836 388.08679
389.23969 389.18268 389.1312 389.07471 389.0242 388.97168 388.9252 388.8797 388.84119 388.79321 388.75427 388.71674 388.67133 388.6413 388.6113 388.58029 388.5748 388.5563 388.52429 388.50482 388.44531 388.39679 388.37231 388.35779 388.33029 388.30829 388.3223 388.2923 388.2543 388.24731 388.2338 388.23431 388.21631 388.19479 388.17029 388.16281 388.15881 388.13031 388.1333 388.14178 388.14728 388.11731 388.10382 388.09531 388.0918 388.0918 388.0863 388.07587 388.06079 388.06787 388.06232 388.0528 388.05731 388.0463 388.0509 388.05383 388.04486 388.03635 388.02686 388.02985 387.99084 388.00729 388.04285 388.03833 388.0238 388.02881 388.02441 388.04379 388.06036
389.23218 389.17719 389.1192 389.06769 389.01471 388.9707 388.92169 388.87622 388.83124 388.79974 388.75079 388.69733 388.65979 388.62979 388.59882 388.5918 388.58331 388.56329 388.5238 388.4603 388.41632 388.3858 388.36078 388.35382 388.33481 388.34381 388.31628 388.27582 388.25879 388.24982 388.24579 388.21881 388.20477 388.18381 388.17279 388.16779 388.1528 388.14429 388.1553 388.15082 388.12482 388.11737 388.10632 388.08835 388.0918 388.08032 388.07935 388.07178 388.06433 388.06079 388.06183 388.05334 388.04779 388.04684 388.03384 388.03879 388.03735 388.0159 388.0159 388.00488 387.98834 388.01135 388.0094 387.98535 388.00784 388.00891 387.9978 388.01691 388.02829
389.22119 389.17072 389.1142 389.05621 389.00568 388.9632 388.92072 388.8757 388.82831 388.79431 388.74078 388.69232 388.64978 388.62378 388.58731 388.56482 388.55679 388.53632 388.4888 388.4523 388.41528 388.38232 388.36679 388.3598 388.37579 388.3418 388.3093 388.28079 388.25427 388.2388 388.22479 388.20731 388.19629 388.1828 388.17029 388.16681 388.16528 388.1568 388.15887 388.13431 388.12482 388.11685 388.1048 388.08585 388.08478 388.0773 388.07733 388.07629 388.06329 388.06183 388.0719 388.03784 388.04535 388.03384 388.01489 388.0148 388.01392 388.00488 387.9924 387.9964 387.9834 387.9754 387.97339 387.9624 387.9809 387.99039 387.97934 387.98889 387.98584
389.21719 389.1637 389.10721 389.0517 389.0072 388.96222 388.91669 388.86871 388.82275 388.77481 388.73273 388.69281 388.65131 388.61432 388.58679 388.56128 388.52979 388.4993 388.4733 388.44781 388.39178 388.42432 388.41132 388.39481 388.38431 388.35382 388.29929 388.26831 388.25281 388.23181 388.20782 388.1713 388.1748 388.17981 388.1633 388.1683 388.1713 388.16028 388.16034 388.1333 388.12128 388.11487 388.09534 388.08386 388.07831 388.07581 388.0784 388.07285 388.05484 388.05383 388.05939 388.03879 388.03891 388.01886 388.01038 388.02887 388.03284 388.03189 388.00342 388.00784 387.98291 387.9519 387.9444 387.94739 387.9599 387.9679 387.97791 387.97241 387.94989
389.21719 389.16272 389.10669 389.05371 389.01221 388.96176 388.91525 388.86127 388.81131 388.76724 388.72778 388.6853 388.64481 388.61078 388.5773 388.5473 388.5213 388.4968 388.47479 388.41431 388.41132 388.40781 388.41632 388.36829 388.36331 388.32977 388.28479 388.26282 388.24683 388.22281 388.1958 388.19229 388.19128 388.1763 388.18631 388.19086 388.17935 388.1683 388.14929 388.12885 388.12592 388.11383 388.09283 388.08337 388.07886 388.0849 388.07635 388.06085 388.05334 388.04184 388.05035 388.03943 388.02835 388.0199 388.0314 388.03888 388.03638 388.02441 388.02234 387.9874 387.9509 387.9259 387.9169 387.95038 387.9534 387.9614 387.96039 387.9494 387.94342
389.21521 389.1597 389.10721 389.05322 389.00623 388.95276 388.90527 388.8627 388.80823 388.76678 388.71582 388.6763 388.6413 388.60327 388.5723 388.54279 388.5163 388.4928 388.4628 388.47131 388.45428 388.4223 388.39279 388.36133 388.3378 388.31378 388.29028 388.27179 388.25681 388.24231 388.22879 388.2168 388.2048 388.1998 388.1958 388.17981 388.1683 388.15729 388.15033 388.1384 388.1384 388.10941 388.0979 388.09039 388.09088 388.0864 388.07587 388.07339 388.07935 388.05734 388.04242 388.04291 388.02341 388.01239 388.0174 388.04333 387.99939 388.00439 387.97491 387.92542 387.88739 387.86542 387.89691 387.92889 387.93939 387.9454 387.93842 387.93289 387.93842
389.2092 389.15921 389.10522 389.0502 388.99469 388.94519 388.9007 388.85519 388.81024 388.7598 388.71381 388.67682 388.6348 388.59781 388.55829 388.53278 388.50281 388.4848 388.4913 388.4823 388.4548 388.42932 388.39731 388.3588 388.33478 388.3143 388.28979 388.26929 388.2558 388.24829 388.2363 388.23029 388.22278 388.21381 388.20428 388.18231 388.16629 388.15131 388.1539 388.18085 388.1434 388.10739 388.10489 388.10291 388.09134 388.09332 388.0929 388.08984 388.07385 388.06885 388.05991 388.04639 388.03241 388.02939 388.05682 388.03339 387.9899 387.9534 387.88989 387.8154 387.81989 387.86292 387.8934 387.9209 387.92841 387.91989 387.91888 387.93042 387.92389
389.21368 389.1582 389.10071 389.0502 388.99219 388.94226 388.8988 388.85278 388.8013 388.78375 388.7243 388.6738 388.63629 388.58981 388.5513 388.5293 388.5018 388.48633 388.47479 388.46582 388.44128 388.40729 388.38281 388.35629 388.32782 388.31378 388.2948 388.28229 388.2648 388.24982 388.2793 388.25128 388.23129 388.2153 388.19336 388.18591 388.16534 388.16638 388.2038 388.17786 388.13538 388.11633 388.1134 388.10388 388.10434 388.10934 388.09534 388.07889 388.0524 388.06091 388.0639 388.07037 388.04938 388.05389 388.02991 387.97891 387.94891 387.90689 387.82489 387.8244 387.8634 387.87189 387.89642 387.8999 387.91638 387.92139 387.91888 387.9039 387.89941
389.21271 389.15417 389.1022 389.04669 388.99127 388.94125 388.89832 388.85132 388.82675 388.7728 388.71381 388.67432 388.6293 388.58881 388.55731 388.5293 388.50531 388.48029 388.46332 388.45428 388.4313 388.40881 388.37579 388.35779 388.3418 388.32782 388.31128 388.3093 388.28979 388.29578 388.31628 388.2598 388.22437 388.20331 388.18884 388.18484 388.17688 388.19928 388.18634 388.15939 388.13885 388.13287 388.11987 388.1134 388.11734 388.09839 388.08337 388.0654 388.05539 388.0639 388.08087 388.0589 388.05841 388.0199 387.96942 387.95041 387.90143 387.87292 387.8674 387.88788 387.86591 387.8829 387.89441 387.90039 387.9209 387.91791 387.89838 387.90839 387.91492
389.20819 389.1532 389.0972 389.04669 388.99631 388.94629 388.88928 388.84229 388.80328 388.76331 388.71228 388.67181 388.6358 388.5983 388.5668 388.5278 388.50482 388.49182 388.45581 388.43781 388.41931 388.39679 388.37878 388.36929 388.34631 388.3363 388.3233 388.31128 388.29181 388.28329 388.31378 388.25934 388.23486 388.21283 388.20441 388.20038 388.17786 388.18835 388.1684 388.1684 388.16089 388.13989 388.12689 388.1254 388.10489 388.09439 388.09589 388.0899 388.08087 388.08939 388.05188 388.02692 387.9924 387.96939 387.9194 387.91241 387.8634 387.8829 387.8884 387.89441 387.8754 387.88739 387.90692 387.9129 387.9194 387.9144 387.9054 387.90887 387.90939
389.20618 389.15421 389.1012 389.04877 389.00281 388.9473 388.89029 388.84479 388.80078 388.75729 388.71179 388.66882 388.64178 388.6073 388.5708 388.5318 388.5083 388.4978 388.46332 388.44281 388.42279 388.4028 388.3848 388.37628 388.36981 388.35629 388.3248 388.31628 388.30185 388.29279 388.26929 388.24835 388.24628 388.23138 388.24591 388.22934 388.19534 388.18689 388.18188 388.17639 388.17291 388.15088 388.1384 388.13541 388.09888 388.09338 388.09943 388.10089 388.11789 388.07538 388.0304 387.98489 387.9534 387.94739 387.8884 387.88141 387.9144 387.9194 387.91089 387.89639 387.9064 387.90942 387.9194 387.90338 387.9184 387.9079 387.90588 387.90689 387.8999
389.2067 389.15619 389.10327 389.0658 389.00275 388.94531 388.89481 388.84631 388.79681 388.7518 388.71231 388.67877 388.6413 388.60629 388.57281 388.54028 388.52029 388.49432 388.45782 388.44681 388.42932 388.4108 388.40829 388.41382 388.42029 388.4028 388.35632 388.32428 388.3063 388.29279 388.27335 388.27829 388.2789 388.27084 388.24884 388.22333 388.2114 388.21283 388.1929 388.1904 388.1734 388.15991 388.15692 388.13489 388.11841 388.10992 388.1084 388.10089 388.08289 388.03189 387.99188 387.98041 387.96191 387.90039 387.90741 387.92938 387.94092 387.9184 387.9169 387.92291 387.92041 387.92639 387.91992 387.9144 387.90491 387.90289 387.89691 387.89941 387.89191
389.21222 389.15671 389.1153 389.06281 388.9953 388.94128 388.89529 388.8418 388.7948 388.7608 388.7218 388.68179 388.6463 388.6123 388.57831 388.54279 388.5173 388.49182 388.46832 388.45129 388.43732 388.42828 388.4288 388.44681 388.44431 388.4118 388.35779 388.33081 388.31729 388.29684 388.29684 388.30536 388.28986 388.26434 388.23584 388.22589 388.22583 388.21539 388.20892 388.19592 388.1889 388.18341 388.1669 388.12341 388.1279 388.1124 388.08539 388.07291 388.0379 387.9949 387.9884 387.97192 387.9574 387.93689 387.95288 387.96442 387.9469 387.93591 387.93292 387.9339 387.9314 387.93188 387.91888 387.90689 387.8989 387.8974 387.9039 387.9054 387.8949
389.21521 389.15826 389.10828 389.05023 389.00031 388.9498 388.89728 388.84479 388.80481 388.7648 388.72729 388.68982 388.65082 388.61682 388.5813 388.55231 388.53079 388.50031 388.47528 388.46429 388.43481 388.43231 388.42981 388.45831 388.4343 388.39481 388.36481 388.34283 388.3248 388.29486 388.29486 388.31384 388.28241 388.24789 388.24091 388.2424 388.2359 388.23035 388.22241 388.2139 388.2019 388.17841 388.14392 388.1409 388.13589 388.10791 388.06842 388.04141 388.0264 387.99188 387.98691 387.9769 387.9444 387.97089 387.98691 387.98239 387.9664 387.95392 387.95892 387.95889 387.94391 387.9339 387.92389 387.9014 387.90338 387.90689 387.9064 387.90891 387.90491
389.21771 389.16425 389.10675 389.05524 388.99829 388.94431 388.89331 388.85132 388.8168 388.7793 388.7348 388.69229 388.65579 388.62231 388.59479 388.56378 388.53082 388.5148 388.49429 388.45978 388.44629 388.4328 388.43329 388.44781 388.42682 388.4068 388.37735 388.35278 388.32428 388.30682 388.31531 388.29382 388.26489 388.25839 388.2579 388.2569 388.25238 388.24634 388.23441 388.2229 388.19641 388.18488 388.1759 388.14691 388.10339 388.07391 388.06342 388.0249 388.0144 388.00641 387.9964 387.96838 387.9819 387.99591 387.99341 387.98639 387.97339 387.97791 387.97839 387.9624 387.9599 387.94788 387.9184 387.9194 387.92041 387.90692 387.91089 387.9024 387.89789
389.22278 389.16724 389.11218 389.0563 388.99878 388.94531 388.90131 388.86432 388.8248 388.78131 388.7363 388.6983 388.66132 388.6333 388.60132 388.56732 388.55182 388.52631 388.49829 388.4758 388.45981 388.43481 388.45081 388.4418 388.43134 388.40381 388.37781 388.36835 388.35535 388.33279 388.29987 388.2764 388.27289 388.2789 388.27789 388.26837 388.26837 388.25641 388.23792 388.21838 388.19391 388.1929 388.1694 388.12439 388.09192 388.08838 388.05139 388.04889 388.04089 388.01892 388.01639 388.00839 388.01541 388.01038 388.0004 387.98291 387.99438 387.9884 387.97839 387.97839 387.96338 387.9509 387.94739 387.9339 387.92389 387.91541 387.90741 387.90588 387.90741
389.22522 389.1702 389.11774 389.06482 389.00928 388.95581 388.9093 388.86829 388.82678 388.7883 388.74579 388.7088 388.6763 388.6438 388.6153 388.58582 388.55731 388.53729 388.51181 388.48932 388.47284 388.45679 388.43481 388.43536 388.42184 388.40884 388.39386 388.38934 388.37036 388.34283 388.31042 388.2944 388.2984 388.29791 388.31091 388.29688 388.27441 388.25537 388.2319 388.2164 388.19791 388.17291 388.1554 388.14191 388.11639 388.08289 388.06589 388.0759 388.05042 388.04242 388.04489 388.04041 388.03891 388.0264 388.0159 388.00439 388.00589 388.00439 387.9939 387.9884 387.9754 387.9679 387.95538 387.93988 387.93042 387.92389 387.9234 387.9169 387.91992
389.23376 389.17627 389.12531 389.0708 389.02081 388.96582 388.92029 388.8768 388.83728 388.7948 388.75482 388.72083 388.6998 388.66031 388.62531 388.59579 388.56128 388.5423 388.5278 388.50281 388.48135 388.46735 388.44629 388.44489 388.42877 388.41492 388.4209 388.41135 388.37836 388.3479 388.3374 388.33392 388.3309 388.3194 388.3309 388.31488 388.28439 388.25589 388.2399 388.21442 388.20441 388.1864 388.17889 388.16138 388.1474 388.11041 388.09189 388.0889 388.07391 388.06989 388.07892 388.0654 388.0549 388.04941 388.0354 388.02789 388.02341 388.01892 388.00891 388.00391 387.99091 387.98041 387.9664 387.95239 387.94189 387.94238 387.93741 387.9314 387.92291
389.23724 389.18579 389.13129 389.0813 389.03131 388.98029 388.92981 388.88229 388.8418 388.8013 388.76782 388.74329 388.70779 388.67328 388.63782 388.60028 388.57977 388.56329 388.53632 388.51282 388.4938 388.47382 388.46585 388.44785 388.4389 388.44489 388.43842 388.40085 388.37939 388.36188 388.36938 388.36688 388.3544 388.34338 388.33441 388.31491 388.2854 388.26941 388.24341 388.22742 388.22742 388.20639 388.19489 388.1864 388.16589 388.1369 388.1239 388.12341 388.10339 388.09692 388.0954 388.08038 388.09442 388.06641 388.0509 388.04489 388.03491 388.02789 388.0199 388.01089 388.00391 387.98792 387.97491 387.97189 387.9679 387.96289 387.95889 387.92841 387.9314
389.24683 389.19431 389.14178 389.08978 389.04279 388.9953 388.93982 388.89529 388.85327 388.8168 388.77979 388.75031 388.72131 388.6868 388.65881 388.62927 388.60379 388.5723 388.54932 388.53381 388.51785 388.48792 388.4624 388.46735 388.45392 388.4534 388.42529 388.40442 388.40442 388.40088 388.3909 388.3959 388.3804 388.3519 388.32941 388.3089 388.2934 388.2749 388.2554 388.24689 388.2359 388.22339 388.2019 388.1944 388.16791 388.15839 388.1524 388.14038 388.1109 388.1149 388.11041 388.11841 388.11841 388.08942 388.07941 388.05939 388.0484 388.04242 388.0394 388.02991 388.01538 388.0029 387.99039 387.9884 387.98938 387.98688 387.97839 387.96039 387.94641
389.2547 389.20374 389.14331 389.09781 389.05231 389.00732 388.9523 388.91132 388.87329 388.8338 388.79529 388.76532 388.73431 388.69733 388.67831 388.6528 388.62131 388.59229 388.57031 388.55487 388.53882 388.51831 388.50031 388.48929 388.47235 388.46228 388.4454 388.44589 388.43591 388.41638 388.42834 388.42291 388.38641 388.3609 388.3544 388.33841 388.31091 388.29138 388.26691 388.2579 388.26141 388.2504 388.22839 388.20239 388.19739 388.1839 388.1749 388.1489 388.1384 388.12988 388.12939 388.1304 388.12241 388.10989 388.09741 388.08139 388.05939 388.05591 388.06189 388.05292 388.0394 388.02692 388.01788 388.0134 388.01089 388.00391 387.99091 387.9834 387.95889
389.27081 389.21582 389.15729 389.10278 389.06732 389.01831 388.97281 388.93231 388.8938 388.84729 388.8143 388.78082 388.7428 388.71729 388.6973 388.6738 388.64728 388.6163 388.59586 388.57782 388.55981 388.53687 388.52335 388.50729 388.50183 388.48737 388.4744 388.46381 388.46234 388.45334 388.45389 388.4259 388.39941 388.3844 388.37238 388.35242 388.33142 388.30688 388.33142 388.30939 388.28137 388.26141 388.24841 388.23441 388.22141 388.20889 388.20288 388.18689 388.1814 388.16138 388.15588 388.13892 388.13092 388.12439 388.11389 388.10242 388.08591 388.0744 388.07642 388.07239 388.06189 388.04938 388.04141 388.0354 388.02939 388.0144 388.01642 387.98938 387.97742
389.27725 389.2258 389.16882 389.11981 389.08179 389.0358 388.99731 388.95731 388.90979 388.87131 388.83032 388.7963 388.76581 388.74182 388.71582 388.69281 388.67279 388.64331 388.6203 388.60229 388.58136 388.5589 388.54434 388.53635 388.52029 388.50488 388.50385 388.49985 388.48633 388.47882 388.4549 388.4404 388.42291 388.4054 388.38892 388.36441 388.34641 388.3844 388.36841 388.3259 388.30188 388.28741 388.27789 388.26291 388.24939 388.23938 388.23541 388.23138 388.2124 388.19092 388.16992 388.15991 388.1539 388.1499 388.13489 388.11987 388.1149 388.1084 388.10492 388.09241 388.07941 388.06989 388.0589 388.05188 388.0419 388.0354 388.0239 388.0014 387.9924
